77

279, 8, 2
189, 10, 2
82, 21, 2
20, 1, 0
30, 1, 1
38, 3, 1
342, 9, 0
210, 2, 2
103, 20, 1
146, 16, 0
169, 18, 0
99, 14, 2
284, 18, 1
214, 1, 1
293, 18, 2
25, 8, 0
236, 5, 2
24, 1, 0
375, 9, 2
367, 8, 0
268, 7, 1
662, 11, 0
271, 4, 0
321, 10, 2
535, 1, 0
400, 13, 0
382, 3, 1
287, 18, 1
136, 0, 1
366, 11, 1
231, 4, 2
45, 14, 1
413, 13, 0
244, 0, 1
269, 8, 1
337, 11, 1
377, 25, 0
188, 5, 1
221, 8, 1
352, 21, 1
281, 23, 0
116, 9, 1
436, 22, 1
74, 11, 1
34, 6, 2
151, 24, 0
2, 16, 0
61, 16, 0
305, 13, 2
92, 21, 2
435, 17, 2
114, 14, 2
179, 14, 2
161, 10, 2
43, 19, 0
212, 20, 1
29, 5, 2
259, 14, 2
142, 8, 2
229, 14, 0
739, 2, 1
59, 24, 1
269, 3, 1
748, 27, 0
332, 2, 1
360, 13, 0
245, 27, 2
457, 17, 1
377, 7, 1
89, 20, 1
428, 8, 2
237, 4, 2
217, 21, 1
276, 8, 2
817, 6, 1
322, 18, 0
128, 4, 1
0, 9, 2
382, 21, 0
124, 7, 2
172, 29, 1
241, 23, 0
137, 16, 1
197, 5, 1
54, 8, 1
374, 27, 1
335, 29, 1
226, 5, 2
294, 5, 0
69, 3, 0
344, 12, 0
53, 2, 0
21, 24, 0
299, 6, 1
162, 17, 1
195, 1, 0
225, 25, 2
36, 22, 0
889, 6, 0
413, 6, 1


441, 2, 2
361, 3, 2
378, 6, 1
295, 17, 1
17, 15, 0
264, 11, 2
882, 21, 1
216, 8, 0
409, 25, 0
227, 18, 1
650, 20, 0
432, 23, 1
62, 25, 2
83, 0, 2
205, 6, 1
121, 23, 2
71, 6, 2
157, 10, 0
61, 11, 2
40, 3, 1
112, 8, 1
313, 16, 0
88, 10, 0
266, 9, 1
101, 2, 0
20, 13, 0
105, 21, 2
261, 9, 0
366, 7, 0
313, 11, 1
61, 1, 0
321, 6, 2
448, 14, 2
173, 9, 2
253, 7, 1
209, 18, 1
424, 10, 2
97, 10, 2
292, 14, 1
148, 12, 1
239, 8, 2
86, 16, 2
7, 5, 0
218, 24, 2
189, 6, 2
336, 12, 0
388, 1, 2
124, 8, 2
242, 14, 0
283, 27, 2
177, 14, 1
90, 15, 1
32, 24, 0
178, 20, 1
139, 23, 2
231, 9, 0
222, 6, 0
368, 18, 0
3, 18, 2
448, 20, 0
37, 20, 0
277, 2, 2
137, 4, 2
161, 4, 0
7, 2, 0
389, 20, 1
120, 24, 1
182, 15, 2
385, 10, 2
409, 7, 1
157, 16, 2
278, 13, 2
8, 15, 2
359, 18, 0
245, 26, 0
362, 0, 2
281, 8, 0
140, 13, 0
108, 16, 0
243, 6, 0
21, 25, 0
171, 10, 1
34, 12, 2
163, 8, 1
390, 16, 2
196, 26, 1
203, 19, 0
428, 3, 2
144, 12, 1
154, 4, 1
212, 12, 0
136, 2, 0
297, 22, 1
116, 6, 2
336, 3, 2
220, 1, 0
74, 14, 1
444, 9, 2
84, 21, 0
245, 0, 0


85, 12, 2
361, 3, 2
378, 6, 1
270, 1, 0
17, 15, 0
264, 11, 2
882, 21, 1
444, 4, 1
321, 16, 1
53, 2, 1
650, 20, 0
75, 6, 1
62, 25, 2
83, 0, 2
205, 6, 1
121, 23, 2
380, 3, 1
157, 10, 0
19, 14, 1
233, 22, 0
129, 11, 0
313, 16, 0
88, 10, 0
266, 9, 1
29, 2, 2
248, 17, 0
105, 21, 2
436, 1, 0
325, 6, 1
313, 11, 1
61, 1, 0
321, 6, 2
448, 14, 2
173, 9, 2
153, 7, 0
209, 18, 1
424, 10, 2
278, 21, 1
292, 14, 1
41, 9, 1
50, 9, 2
86, 16, 2
255, 3, 0
114, 11, 2
189, 13, 2
336, 12, 0
388, 1, 2
124, 8, 2
63, 19, 0
283, 27, 2
177, 14, 1
90, 15, 1
324, 4, 0
51, 26, 2
139, 23, 2
231, 9, 0
76, 10, 0
166, 20, 1
3, 18, 2
266, 26, 2
37, 20, 0
320, 1, 1
752, 28, 1
388, 8, 0
429, 2, 2
392, 15, 1
120, 24, 1
34, 17, 2
385, 10, 2
409, 7, 1
157, 16, 2
102, 4, 0
286, 11, 1
359, 18, 0
245, 26, 0
362, 0, 2
281, 8, 0
140, 13, 0
108, 16, 0
243, 6, 0
348, 3, 2
171, 10, 1
34, 12, 2
163, 8, 1
390, 16, 2
230, 1, 0
203, 19, 0
428, 3, 2
138, 5, 2
429, 6, 0
300, 4, 2
33, 3, 0
317, 8, 2
66, 10, 2
394, 15, 1
172, 1, 0
74, 17, 1
412, 24, 0
48, 4, 0
169, 5, 0


441, 2, 2
217, 3, 2
63, 28, 2
358, 1, 0
5, 3, 1
218, 4, 0
882, 21, 1
384, 5, 2
199, 1, 2
183, 20, 0
388, 17, 2
173, 8, 0
125, 14, 1
446, 7, 0
270, 13, 0
318, 12, 2
96, 5, 1
116, 8, 1
147, 16, 1
393, 13, 2
10, 1, 0
294, 17, 2
222, 5, 2
344, 20, 0
93, 6, 1
97, 0, 1
189, 16, 1
19, 9, 1
257, 5, 1
313, 11, 1
61, 1, 0
293, 13, 0
448, 14, 2
170, 15, 1
64, 9, 2
209, 18, 1
424, 10, 2
9, 19, 0
187, 13, 0
268, 0, 2
85, 5, 2
86, 16, 2
164, 5, 1
403, 0, 0
98, 11, 2
217, 14, 1
388, 1, 2
231, 27, 1
337, 4, 2
343, 11, 2
144, 20, 0
111, 13, 1
9, 11, 2
100, 2, 0
139, 23, 2
231, 9, 0
127, 9, 2
166, 20, 1
3, 18, 2
155, 15, 1
37, 20, 0
320, 1, 1
219, 14, 1
50, 8, 1
429, 2, 2
292, 14, 1
244, 15, 2
34, 17, 2
447, 10, 2
409, 7, 1
206, 1, 1
420, 8, 0
115, 14, 0
359, 18, 0
245, 26, 0
213, 2, 1
281, 8, 0
369, 6, 2
302, 8, 0
370, 11, 1
348, 8, 2
72, 18, 2
34, 12, 2
163, 8, 1
279, 10, 2
154, 14, 1
87, 21, 2
71, 6, 0
138, 5, 2
429, 6, 0
300, 4, 2
119, 5, 1
242, 25, 0
253, 18, 0
437, 27, 0
26, 4, 1
256, 7, 1
391, 4, 2
150, 24, 0
272, 3, 2


420, 7, 0
236, 4, 1
110, 19, 2
281, 0, 0
33, 14, 2
188, 2, 0
882, 21, 1
62, 11, 2
770, 11, 1
181, 12, 1
433, 10, 1
298, 11, 0
606, 2, 0
209, 5, 0
95, 25, 2
312, 19, 1
7, 13, 2
219, 0, 0
334, 15, 0
34, 7, 2
181, 4, 2
285, 15, 2
247, 11, 2
54, 19, 0
317, 15, 2
172, 18, 1
401, 3, 0
37, 19, 0
184, 13, 1
105, 6, 2
249, 12, 1
158, 20, 0
339, 8, 0
265, 25, 2
140, 16, 0
202, 1, 0
169, 23, 0
91, 3, 1
412, 17, 2
40, 8, 0
131, 10, 1
122, 6, 1
255, 3, 0
62, 6, 1
374, 4, 0
228, 10, 1
57, 14, 0
346, 21, 2
433, 5, 1
270, 8, 1
135, 17, 0
28, 18, 0
428, 12, 1
184, 20, 1
191, 9, 2
258, 7, 2
252, 26, 0
383, 27, 2
137, 7, 1
220, 16, 0
418, 15, 1
385, 5, 1
197, 4, 2
9, 8, 2
96, 1, 1
210, 8, 1
157, 1, 0
361, 25, 0
223, 6, 2
448, 10, 2
292, 23, 2
284, 12, 1
112, 27, 1
323, 12, 0
424, 23, 0
277, 18, 0
268, 4, 0
129, 11, 0
644, 10, 0
446, 10, 0
6, 19, 1
245, 9, 2
111, 1, 0
196, 11, 1
391, 25, 0
369, 19, 2
631, 17, 1
161, 8, 0
380, 20, 0
19, 7, 2
344, 5, 0
33, 3, 0
239, 1, 2
21, 8, 1
309, 13, 0
172, 1, 0
358, 10, 0
412, 24, 0
174, 5, 0
242, 3, 2


85, 12, 2
361, 3, 2
378, 6, 1
285, 4, 0
17, 15, 0
264, 11, 2
882, 21, 1
444, 4, 1
321, 16, 1
53, 2, 1
650, 20, 0
75, 6, 1
62, 25, 2
83, 0, 2
205, 6, 1
121, 23, 2
38, 12, 0
157, 10, 0
19, 14, 1
233, 22, 0
129, 11, 0
234, 29, 0
88, 10, 0
266, 9, 1
29, 2, 2
248, 17, 0
105, 21, 2
436, 1, 0
257, 5, 1
313, 11, 1
61, 1, 0
321, 6, 2
448, 14, 2
170, 15, 1
147, 8, 2
209, 18, 1
424, 10, 2
278, 21, 1
187, 13, 0
41, 9, 1
85, 5, 2
86, 16, 2
110, 7, 0
114, 11, 2
98, 11, 2
336, 12, 0
388, 1, 2
124, 8, 2
63, 19, 0
343, 11, 2
177, 14, 1
90, 15, 1
324, 4, 0
51, 26, 2
139, 23, 2
231, 9, 0
76, 10, 0
166, 20, 1
3, 18, 2
266, 26, 2
37, 20, 0
320, 1, 1
219, 14, 1
50, 8, 1
429, 2, 2
392, 15, 1
395, 14, 1
34, 17, 2
385, 10, 2
409, 7, 1
216, 5, 0
102, 4, 0
286, 11, 1
359, 18, 0
245, 26, 0
213, 2, 1
281, 8, 0
140, 13, 0
108, 16, 0
243, 6, 0
348, 3, 2
171, 10, 1
34, 12, 2
163, 8, 1
279, 10, 2
230, 1, 0
203, 19, 0
428, 3, 2
138, 5, 2
429, 6, 0
300, 4, 2
119, 5, 1
317, 8, 2
22, 12, 0
178, 17, 2
26, 4, 1
289, 8, 1
438, 15, 0
150, 24, 0
405, 3, 2


420, 7, 0
236, 4, 1
110, 19, 2
187, 3, 2
33, 14, 2
188, 2, 0
882, 21, 1
62, 11, 2
442, 15, 0
181, 12, 1
433, 10, 1
298, 11, 0
177, 6, 1
209, 5, 0
95, 25, 2
175, 28, 2
7, 13, 2
219, 0, 0
169, 13, 1
34, 7, 2
181, 4, 2
285, 15, 2
247, 11, 2
54, 19, 0
10, 3, 1
74, 3, 1
315, 6, 0
117, 22, 2
223, 19, 0
68, 11, 2
279, 16, 1
305, 12, 0
219, 13, 2
18, 5, 0
89, 17, 0
444, 4, 2
69, 14, 0
142, 22, 2
153, 8, 2
257, 25, 0
278, 1, 2
202, 11, 2
64, 5, 0
98, 6, 1
112, 13, 2
332, 16, 0
131, 12, 0
43, 13, 1
334, 23, 0
266, 7, 0
13, 10, 2
161, 19, 2
371, 23, 1
538, 2, 2
343, 16, 1
20, 13, 2
551, 26, 2
45, 20, 1
413, 10, 2
349, 9, 2
219, 26, 2
141, 2, 1
283, 1, 2
166, 17, 1
286, 22, 2
162, 14, 1
412, 15, 0
820, 9, 1
342, 27, 0
390, 17, 1
424, 10, 1
305, 5, 2
271, 10, 1
249, 16, 2
25, 28, 0
106, 5, 1
248, 26, 0
169, 1, 1
361, 6, 1
387, 12, 2
362, 26, 1
202, 12, 1
95, 12, 1
138, 11, 0
260, 21, 0
339, 5, 1
240, 23, 0
331, 14, 0
432, 18, 1
76, 7, 1
113, 6, 1
186, 9, 0
407, 23, 0
376, 5, 0
52, 9, 0
51, 4, 2
126, 18, 0
102, 29, 1
130, 6, 2
208, 5, 1


172, 0, 1
191, 4, 2
266, 19, 1
266, 22, 1
87, 19, 0
13, 7, 0
882, 21, 1
277, 20, 1
402, 19, 1
153, 4, 1
650, 20, 0
25, 16, 2
318, 0, 0
444, 11, 0
9, 15, 1
312, 19, 1
250, 0, 0
166, 16, 0
72, 15, 0
850, 8, 0
19, 18, 1
447, 17, 0
190, 6, 0
148, 23, 2
93, 6, 1
97, 0, 1
189, 16, 1
121, 20, 1
128, 12, 0
118, 12, 0
194, 7, 1
250, 10, 0
323, 25, 0
265, 25, 2
378, 15, 1
111, 5, 0
174, 8, 2
199, 22, 1
278, 5, 0
73, 6, 0
50, 6, 1
422, 17, 0
40, 13, 1
145, 10, 0
433, 14, 0
324, 14, 0
27, 2, 1
40, 24, 1
17, 13, 0
104, 8, 0
375, 10, 2
95, 7, 2
238, 17, 1
49, 3, 1
127, 5, 1
607, 7, 1
289, 5, 0
137, 16, 2
435, 6, 2
12, 9, 0
361, 9, 2
202, 2, 1
365, 7, 1
400, 12, 0
279, 24, 2
26, 10, 2
236, 21, 1
262, 2, 0
56, 17, 2
150, 11, 1
46, 7, 1
238, 7, 2
370, 29, 1
426, 6, 0
199, 1, 2
170, 3, 2
42, 3, 2
61, 6, 0
320, 23, 0
6, 14, 1
376, 15, 1
268, 1, 2
311, 28, 2
230, 8, 0
121, 23, 1
233, 12, 1
204, 23, 1
374, 17, 1
351, 28, 0
124, 11, 1
387, 7, 1
240, 3, 2
289, 26, 0
365, 12, 2
401, 3, 2
51, 0, 0
245, 24, 2
445, 5, 2
446, 21, 1
682, 11, 1


441, 2, 2
70, 25, 0
48, 14, 1
338, 1, 0
205, 8, 2
127, 26, 2
75, 20, 1
52, 14, 1
94, 20, 0
356, 7, 1
243, 12, 1
371, 8, 0
728, 15, 1
217, 7, 0
403, 24, 2
278, 12, 2
408, 16, 0
4, 8, 2
11, 25, 0
393, 13, 2
422, 11, 0
363, 26, 0
157, 1, 2
351, 15, 0
231, 16, 2
28, 14, 2
434, 27, 1
19, 9, 1
74, 6, 0
63, 4, 2
46, 0, 0
113, 0, 2
287, 24, 0
186, 6, 0
19, 0, 1
338, 4, 2
84, 3, 1
260, 4, 0
317, 2, 0
205, 6, 0
131, 10, 1
143, 24, 2
294, 20, 0
190, 17, 1
132, 19, 1
141, 5, 2
412, 2, 2
129, 4, 0
161, 5, 2
92, 20, 1
209, 4, 0
331, 14, 0
309, 9, 2
313, 1, 2
672, 12, 2
101, 0, 2
37, 11, 1
304, 2, 0
347, 11, 2
177, 6, 1
373, 19, 2
152, 3, 0
621, 24, 2
323, 14, 0
70, 11, 0
205, 15, 2
390, 20, 1
677, 27, 0
431, 10, 1
110, 13, 2
881, 12, 0
168, 21, 1
332, 16, 2
115, 25, 2
69, 4, 2
187, 25, 0
210, 29, 1
419, 2, 1
14, 26, 2
446, 16, 1
181, 17, 0
22, 16, 1
309, 11, 1
288, 7, 0
121, 12, 2
363, 4, 1
425, 8, 1
295, 11, 1
213, 11, 1
326, 7, 2
104, 18, 2
421, 5, 1
4, 14, 1
124, 7, 0
371, 0, 2
176, 0, 0
328, 27, 0
280, 20, 0
408, 1, 0
642, 23, 0


434, 8, 1
189, 10, 2
309, 14, 0
23, 3, 0
5, 4, 0
51, 0, 2
342, 9, 0
42, 5, 2
74, 6, 2
340, 16, 2
169, 18, 0
95, 24, 1
263, 7, 1
207, 1, 1
12, 19, 1
27, 10, 1
9, 1, 0
231, 0, 0
286, 22, 0
187, 24, 2
421, 8, 1
335, 26, 0
832, 14, 1
273, 13, 0
442, 0, 1
93, 13, 1
330, 28, 1
133, 3, 1
166, 12, 0
366, 11, 1
136, 8, 0
45, 14, 1
133, 14, 0
244, 0, 1
269, 8, 1
111, 10, 0
408, 28, 0
188, 5, 1
221, 8, 1
352, 21, 1
281, 23, 0
256, 22, 2
436, 22, 1
147, 6, 0
83, 7, 1
151, 24, 0
412, 2, 2
61, 16, 0
243, 12, 0
200, 18, 0
420, 16, 0
331, 14, 0
84, 18, 0
161, 10, 2
43, 19, 0
212, 20, 1
253, 6, 0
156, 14, 0
302, 10, 0
229, 14, 0
739, 2, 1
59, 24, 1
269, 3, 1
748, 27, 0
443, 4, 1
360, 13, 0
686, 8, 1
457, 17, 1
377, 7, 1
89, 20, 1
43, 4, 2
237, 4, 2
217, 21, 1
276, 8, 2
817, 6, 1
227, 13, 1
128, 4, 1
0, 9, 2
382, 21, 0
296, 17, 0
172, 29, 1
374, 12, 0
428, 7, 2
197, 5, 1
54, 8, 1
374, 27, 1
705, 22, 2
226, 5, 2
294, 5, 0
69, 3, 0
344, 12, 0
53, 2, 0
405, 22, 0
299, 6, 1
162, 17, 1
708, 14, 2
112, 3, 0
314, 10, 1
889, 6, 0
413, 6, 1


183, 4, 2
25, 4, 1
110, 19, 2
357, 16, 2
72, 18, 2
188, 2, 0
882, 21, 1
179, 11, 0
358, 0, 2
371, 17, 2
433, 10, 1
139, 19, 0
606, 2, 0
209, 5, 0
8, 16, 0
203, 14, 2
59, 24, 0
77, 4, 0
407, 9, 0
198, 15, 1
201, 24, 2
236, 28, 0
224, 5, 0
41, 18, 1
267, 3, 2
565, 13, 1
16, 17, 2
81, 28, 2
223, 19, 0
68, 11, 2
448, 18, 1
305, 12, 0
219, 13, 2
156, 4, 2
89, 17, 0
376, 21, 0
290, 23, 1
870, 12, 1
153, 8, 2
257, 25, 0
32, 5, 0
434, 18, 0
134, 11, 0
136, 24, 0
121, 24, 1
7, 15, 0
412, 2, 2
348, 7, 0
390, 28, 0
60, 18, 2
169, 7, 1
149, 11, 0
106, 29, 1
184, 20, 1
192, 11, 1
343, 3, 1
252, 26, 0
48, 14, 0
638, 2, 1
208, 29, 2
167, 26, 2
202, 2, 0
738, 10, 1
133, 18, 2
98, 8, 2
178, 19, 0
277, 24, 2
268, 7, 2
103, 0, 2
700, 29, 2
253, 16, 2
56, 23, 1
14, 14, 1
179, 15, 1
113, 5, 1
441, 17, 0
55, 3, 2
282, 8, 2
138, 11, 1
41, 6, 1
360, 20, 1
409, 25, 1
244, 0, 1
817, 2, 1
282, 16, 1
241, 9, 0
128, 10, 0
276, 12, 2
62, 13, 1
384, 14, 1
405, 16, 0
833, 28, 0
454, 10, 2
421, 10, 0
525, 25, 0
544, 12, 1
293, 5, 2
441, 6, 2
100, 12, 2
386, 4, 1


241, 29, 0
106, 24, 0
134, 21, 2
63, 21, 0
87, 19, 0
181, 2, 0
882, 21, 1
87, 12, 1
402, 19, 1
155, 5, 1
418, 17, 2
746, 9, 0
606, 2, 0
342, 4, 2
520, 27, 2
312, 19, 1
400, 6, 1
166, 16, 0
477, 11, 2
850, 8, 0
120, 9, 1
11, 18, 2
129, 6, 2
111, 27, 2
310, 3, 1
138, 14, 2
190, 27, 1
434, 11, 0
15, 5, 2
355, 5, 1
126, 3, 2
211, 8, 1
396, 16, 0
265, 25, 2
436, 9, 0
226, 15, 0
333, 15, 0
532, 14, 2
240, 16, 2
749, 16, 2
78, 12, 0
455, 13, 1
202, 10, 0
136, 24, 0
80, 13, 2
41, 14, 0
412, 2, 2
348, 7, 0
57, 1, 0
283, 1, 1
105, 8, 0
68, 7, 0
41, 11, 1
184, 20, 1
99, 3, 0
182, 11, 2
252, 26, 0
30, 14, 2
638, 2, 1
208, 29, 2
310, 1, 0
236, 18, 2
133, 8, 0
133, 18, 2
343, 22, 0
48, 29, 2
277, 24, 2
18, 10, 0
67, 22, 2
331, 17, 0
158, 9, 1
218, 3, 2
347, 17, 2
179, 15, 1
218, 26, 0
385, 25, 1
126, 0, 0
57, 10, 2
169, 23, 2
363, 14, 2
62, 9, 2
626, 25, 0
244, 0, 1
192, 10, 1
691, 18, 1
221, 11, 0
256, 6, 2
98, 15, 1
371, 5, 2
425, 5, 2
328, 12, 2
127, 22, 0
224, 13, 1
185, 10, 2
47, 12, 0
170, 1, 0
148, 6, 2
447, 4, 2
339, 16, 0
344, 5, 2


441, 2, 2
226, 17, 1
63, 28, 2
358, 1, 0
5, 4, 0
218, 4, 0
882, 21, 1
384, 5, 2
103, 20, 1
146, 16, 0
199, 29, 1
259, 17, 1
396, 16, 1
199, 7, 1
47, 24, 2
165, 7, 0
280, 3, 1
115, 6, 0
237, 4, 2
33, 2, 2
61, 6, 1
186, 25, 0
663, 11, 1
190, 10, 0
310, 3, 1
119, 23, 1
413, 10, 0
253, 2, 0
354, 15, 2
76, 10, 2
344, 5, 0
118, 4, 1
377, 14, 1
382, 7, 1
70, 8, 2
129, 13, 0
397, 28, 1
303, 11, 1
52, 11, 0
117, 4, 0
445, 12, 0
455, 13, 1
30, 10, 0
419, 26, 0
283, 16, 1
729, 27, 1
305, 6, 0
98, 25, 2
156, 24, 0
324, 13, 1
250, 17, 2
269, 6, 1
115, 12, 0
140, 10, 1
187, 18, 0
161, 2, 2
183, 8, 0
38, 6, 0
339, 12, 2
111, 4, 1
385, 6, 0
279, 8, 0
50, 8, 0
118, 9, 0
123, 4, 0
337, 14, 2
4, 1, 0
158, 7, 0
418, 17, 0
7, 17, 1
340, 18, 2
398, 15, 2
84, 24, 2
325, 3, 0
406, 15, 0
263, 29, 1
719, 23, 2
280, 10, 1
340, 20, 0
99, 13, 0
166, 27, 0
81, 1, 2
275, 14, 1
372, 5, 2
368, 26, 1
71, 20, 2
811, 27, 1
362, 3, 2
293, 1, 2
90, 3, 1
273, 11, 1
406, 0, 2
312, 26, 1
64, 14, 1
348, 8, 1
708, 14, 2
267, 14, 2
370, 21, 1
889, 6, 0
205, 4, 0


744, 26, 0
380, 9, 0
223, 16, 0
212, 0, 1
178, 5, 1
24, 6, 2
235, 11, 1
343, 12, 2
103, 20, 1
241, 2, 1
169, 18, 0
45, 21, 2
263, 7, 1
214, 1, 1
12, 19, 1
459, 13, 1
288, 2, 0
252, 3, 1
286, 22, 0
137, 2, 2
142, 3, 2
424, 23, 0
409, 3, 1
104, 8, 0
177, 6, 1
97, 0, 1
75, 5, 1
19, 9, 1
354, 15, 2
145, 9, 1
306, 14, 1
457, 5, 2
133, 22, 0
265, 25, 2
123, 8, 2
46, 14, 1
245, 29, 0
198, 11, 1
296, 8, 2
233, 9, 2
131, 10, 1
181, 8, 2
362, 10, 1
136, 24, 0
12, 6, 1
729, 27, 1
251, 7, 2
388, 19, 1
222, 27, 1
157, 2, 0
358, 18, 2
167, 12, 0
433, 9, 0
139, 23, 0
240, 22, 1
289, 5, 0
389, 6, 1
348, 4, 0
248, 22, 2
287, 17, 0
336, 0, 1
247, 3, 1
63, 0, 2
271, 29, 0
170, 0, 0
228, 7, 2
188, 23, 1
98, 15, 2
41, 1, 2
306, 16, 0
275, 6, 1
75, 16, 2
413, 27, 1
141, 10, 0
817, 6, 1
54, 0, 2
232, 2, 2
361, 7, 1
339, 6, 1
85, 13, 2
311, 12, 2
374, 12, 0
212, 5, 1
199, 23, 2
253, 21, 1
214, 19, 2
446, 20, 0
386, 10, 1
53, 17, 0
192, 21, 2
4, 1, 1
35, 2, 0
19, 21, 1
125, 7, 1
279, 3, 2
364, 3, 2
448, 9, 2
119, 8, 0
889, 6, 0
16, 3, 0


241, 29, 0
106, 24, 0
134, 21, 2
63, 21, 0
87, 19, 0
150, 3, 1
882, 21, 1
277, 20, 1
402, 19, 1
153, 4, 1
650, 20, 0
25, 16, 2
606, 2, 0
342, 4, 2
520, 27, 2
312, 19, 1
250, 0, 0
166, 16, 0
477, 11, 2
850, 8, 0
201, 24, 2
422, 28, 1
193, 2, 2
241, 17, 2
18, 1, 0
565, 13, 1
315, 6, 0
81, 28, 2
93, 1, 2
449, 10, 0
448, 18, 1
318, 16, 1
219, 13, 2
191, 2, 0
884, 11, 0
334, 8, 1
338, 28, 0
65, 17, 2
439, 12, 2
382, 16, 0
233, 20, 0
274, 10, 2
172, 17, 1
98, 6, 1
112, 13, 2
347, 23, 0
22, 4, 2
399, 20, 1
128, 21, 1
104, 8, 0
375, 10, 2
202, 10, 1
90, 8, 0
245, 0, 2
279, 0, 0
287, 11, 1
93, 9, 2
59, 20, 2
413, 10, 2
329, 3, 1
219, 26, 2
270, 5, 0
26, 9, 2
112, 28, 2
751, 2, 0
250, 11, 0
4, 1, 0
71, 15, 1
168, 8, 0
353, 21, 0
429, 25, 0
108, 9, 1
369, 23, 2
277, 25, 1
445, 24, 1
769, 23, 1
178, 0, 0
753, 21, 0
2, 18, 0
418, 17, 1
300, 29, 0
391, 27, 0
260, 0, 1
446, 2, 2
49, 15, 2
239, 6, 1
43, 3, 0
420, 21, 0
356, 7, 2
8, 7, 0
284, 9, 0
139, 12, 0
43, 9, 2
260, 28, 1
173, 0, 2
870, 1, 1
199, 16, 2
51, 10, 1
309, 6, 0
27, 7, 2


85, 12, 2
361, 3, 2
174, 27, 2
29, 2, 1
6, 12, 1
213, 3, 2
386, 0, 2
96, 16, 0
240, 27, 0
38, 12, 2
277, 20, 2
173, 8, 0
230, 2, 0
291, 11, 1
68, 1, 0
47, 3, 0
96, 5, 1
10, 20, 0
11, 25, 0
393, 13, 2
43, 4, 2
363, 26, 0
124, 6, 0
351, 15, 0
172, 13, 0
28, 14, 2
434, 27, 1
231, 8, 1
128, 12, 0
63, 4, 2
85, 2, 2
117, 9, 0
373, 21, 2
186, 6, 0
219, 11, 0
338, 4, 2
262, 25, 0
259, 14, 1
106, 4, 0
205, 6, 0
131, 10, 1
449, 19, 0
294, 20, 0
136, 24, 0
132, 19, 1
141, 5, 2
412, 2, 2
129, 4, 0
243, 12, 0
6, 11, 2
145, 17, 1
331, 14, 0
230, 12, 0
163, 4, 2
162, 13, 1
101, 0, 2
37, 11, 1
58, 14, 2
347, 11, 2
12, 17, 2
124, 23, 2
7, 8, 1
621, 24, 2
323, 14, 0
202, 28, 2
205, 15, 2
292, 7, 1
677, 27, 0
157, 20, 2
110, 13, 2
881, 12, 0
155, 1, 2
410, 24, 2
329, 22, 1
202, 24, 0
405, 2, 2
54, 17, 1
350, 7, 2
176, 0, 1
336, 8, 0
44, 28, 0
22, 16, 1
313, 6, 0
255, 4, 2
53, 28, 0
196, 4, 0
425, 8, 1
18, 2, 1
13, 1, 2
326, 7, 2
369, 11, 1
53, 7, 2
445, 2, 2
100, 13, 1
212, 6, 2
237, 0, 1
197, 12, 2
78, 19, 1
408, 1, 0
642, 23, 0


269, 8, 0
106, 24, 0
363, 26, 2
63, 21, 0
257, 7, 2
150, 3, 1
882, 21, 1
277, 20, 1
402, 19, 1
288, 0, 2
650, 20, 0
25, 16, 2
200, 17, 0
148, 5, 1
520, 27, 2
305, 11, 2
250, 0, 0
205, 7, 2
72, 15, 0
850, 8, 0
256, 11, 2
447, 17, 0
190, 6, 0
334, 8, 2
256, 9, 0
412, 9, 0
189, 16, 1
291, 29, 1
197, 22, 1
119, 13, 1
85, 2, 2
295, 16, 0
287, 24, 0
320, 10, 2
130, 10, 1
48, 6, 0
54, 9, 2
259, 14, 1
217, 5, 1
61, 10, 0
200, 3, 2
132, 15, 1
197, 3, 0
183, 6, 2
43, 22, 2
29, 9, 2
343, 3, 1
322, 11, 0
243, 12, 0
139, 26, 2
285, 18, 2
89, 5, 1
174, 15, 1
161, 10, 2
256, 20, 0
211, 3, 1
163, 8, 1
237, 15, 1
168, 24, 2
289, 20, 2
384, 24, 2
235, 9, 2
85, 5, 2
163, 9, 0
352, 23, 2
175, 21, 2
247, 15, 0
180, 24, 2
217, 14, 2
452, 17, 0
85, 12, 1
23, 4, 0
64, 28, 1
242, 4, 1
69, 4, 2
369, 15, 1
136, 3, 1
279, 8, 1
187, 9, 2
80, 12, 0
400, 8, 2
94, 9, 2
311, 28, 2
263, 3, 1
358, 14, 0
721, 2, 0
383, 19, 2
28, 18, 2
114, 28, 0
66, 12, 0
55, 24, 1
148, 12, 2
9, 20, 0
394, 11, 2
11, 15, 1
51, 0, 0
271, 10, 1
445, 5, 2
117, 21, 2
682, 11, 1


101, 11, 1
365, 4, 1
182, 27, 2
441, 4, 2
23, 1, 0
198, 7, 1
85, 27, 1
39, 5, 1
422, 23, 0
139, 13, 0
126, 11, 2
104, 19, 0
245, 4, 0
103, 5, 1
193, 18, 2
366, 15, 0
223, 2, 2
402, 7, 2
336, 17, 1
69, 2, 1
684, 25, 0
352, 21, 1
105, 3, 1
424, 8, 1
278, 4, 0
53, 6, 1
82, 3, 0
46, 17, 2
221, 15, 0
313, 11, 1
42, 21, 0
37, 5, 2
448, 14, 2
173, 9, 2
5, 5, 2
209, 18, 1
373, 14, 0
50, 8, 2
292, 14, 1
169, 7, 0
184, 6, 1
416, 4, 1
25, 18, 2
218, 24, 2
88, 2, 0
263, 12, 2
388, 1, 2
328, 13, 2
81, 19, 2
98, 4, 0
24, 11, 2
90, 15, 1
126, 19, 2
159, 9, 0
250, 17, 1
291, 13, 2
55, 10, 0
16, 20, 2
143, 20, 0
448, 20, 0
88, 21, 0
277, 2, 2
752, 28, 1
310, 2, 0
161, 3, 2
241, 19, 0
323, 26, 2
115, 0, 0
385, 10, 2
296, 8, 2
236, 20, 1
293, 8, 0
116, 11, 2
120, 18, 0
228, 13, 1
362, 0, 2
268, 9, 2
9, 14, 2
69, 16, 0
243, 6, 0
1, 22, 1
175, 3, 2
34, 12, 2
13, 9, 1
390, 16, 2
128, 13, 2
203, 19, 0
30, 15, 1
76, 8, 1
303, 11, 1
886, 23, 1
107, 10, 2
396, 21, 1
390, 6, 2
141, 17, 2
63, 3, 2
153, 12, 0
16, 27, 2
66, 3, 0
179, 0, 1


241, 29, 0
401, 10, 0
134, 21, 2
63, 21, 0
436, 13, 0
209, 4, 1
882, 21, 1
277, 20, 1
402, 19, 1
153, 4, 1
650, 20, 0
169, 6, 0
200, 17, 0
342, 4, 2
520, 27, 2
312, 19, 1
250, 0, 0
166, 16, 0
34, 21, 0
850, 8, 0
256, 11, 2
447, 17, 0
190, 6, 0
295, 15, 2
93, 6, 1
395, 10, 0
224, 24, 2
121, 20, 1
128, 12, 0
352, 13, 1
85, 2, 2
113, 0, 2
287, 24, 0
265, 25, 2
208, 6, 1
111, 5, 0
54, 9, 2
259, 14, 1
261, 6, 0
73, 6, 0
131, 10, 1
175, 3, 1
197, 3, 0
183, 6, 2
43, 22, 2
228, 10, 1
358, 4, 1
322, 11, 0
243, 12, 0
369, 9, 0
285, 18, 2
89, 5, 1
174, 15, 1
161, 10, 2
256, 20, 0
286, 0, 2
421, 6, 0
237, 15, 1
141, 17, 2
386, 14, 2
364, 25, 2
122, 12, 2
85, 5, 2
252, 6, 2
288, 18, 0
205, 15, 2
443, 22, 1
267, 18, 1
10, 16, 1
7, 17, 1
438, 3, 2
23, 4, 0
335, 21, 2
242, 4, 1
69, 4, 2
124, 2, 2
227, 3, 0
133, 5, 2
147, 2, 1
268, 16, 1
269, 26, 1
190, 15, 2
37, 10, 0
100, 13, 1
26, 0, 2
242, 16, 0
329, 19, 1
381, 7, 0
356, 18, 1
100, 3, 0
796, 7, 2
0, 9, 1
307, 18, 0
584, 25, 0
111, 10, 2
708, 14, 2
54, 3, 2
220, 14, 0
292, 13, 2
244, 10, 2


183, 4, 2
158, 18, 0
110, 19, 2
357, 16, 2
72, 18, 2
188, 2, 0
882, 21, 1
179, 11, 0
770, 11, 1
86, 12, 0
433, 10, 1
139, 19, 0
606, 2, 0
209, 5, 0
8, 16, 0
83, 13, 1
162, 28, 0
77, 4, 0
170, 25, 1
198, 15, 1
201, 24, 2
236, 28, 0
224, 5, 0
41, 18, 1
18, 1, 0
565, 13, 1
315, 6, 0
81, 28, 2
223, 19, 0
68, 11, 2
448, 18, 1
305, 12, 0
219, 13, 2
191, 2, 0
89, 17, 0
376, 21, 0
69, 14, 0
870, 12, 1
153, 8, 2
257, 25, 0
278, 1, 2
434, 18, 0
134, 11, 0
98, 6, 1
112, 13, 2
25, 7, 1
161, 2, 1
399, 20, 1
334, 23, 0
266, 7, 0
13, 10, 2
419, 14, 0
292, 22, 2
538, 2, 2
247, 15, 2
20, 13, 2
551, 26, 2
325, 13, 1
413, 10, 2
221, 8, 1
219, 26, 2
166, 7, 1
151, 8, 0
112, 28, 2
751, 2, 0
69, 15, 1
412, 15, 0
820, 9, 1
49, 1, 2
330, 22, 2
424, 10, 1
305, 5, 2
290, 16, 2
98, 20, 0
353, 4, 1
833, 2, 2
102, 15, 2
100, 6, 2
184, 18, 0
439, 25, 0
365, 26, 0
22, 16, 1
293, 12, 2
255, 4, 2
60, 21, 0
436, 14, 1
239, 5, 0
269, 14, 1
13, 1, 2
326, 7, 2
145, 9, 1
53, 7, 2
247, 18, 1
426, 1, 2
129, 1, 2
307, 3, 2
197, 12, 2
313, 20, 2
408, 1, 0
642, 23, 0


183, 4, 2
47, 2, 0
389, 1, 1
357, 16, 2
72, 18, 2
201, 6, 2
882, 21, 1
179, 11, 0
770, 11, 1
198, 11, 0
433, 10, 1
139, 19, 0
256, 14, 0
209, 5, 0
8, 16, 0
83, 13, 1
162, 28, 0
77, 4, 0
170, 25, 1
198, 15, 1
201, 24, 2
236, 28, 0
146, 5, 0
41, 18, 1
18, 1, 0
422, 11, 0
315, 6, 0
81, 28, 2
223, 19, 0
68, 11, 2
175, 19, 2
123, 8, 2
219, 13, 2
191, 2, 0
14, 10, 0
376, 21, 0
69, 14, 0
870, 12, 1
299, 3, 0
257, 25, 0
278, 1, 2
434, 18, 0
134, 11, 0
98, 6, 1
261, 13, 2
230, 8, 0
161, 2, 1
399, 20, 1
334, 23, 0
381, 9, 0
134, 18, 1
419, 14, 0
235, 21, 1
538, 2, 2
247, 15, 2
259, 8, 1
551, 26, 2
104, 12, 0
390, 2, 1
221, 8, 1
219, 26, 2
166, 7, 1
151, 8, 0
112, 28, 2
347, 1, 1
69, 15, 1
87, 21, 2
820, 9, 1
49, 1, 2
330, 22, 2
424, 10, 1
305, 5, 2
211, 11, 1
98, 20, 0
46, 12, 2
833, 2, 2
250, 1, 2
282, 8, 2
105, 3, 0
769, 25, 0
291, 21, 0
626, 25, 0
244, 0, 1
817, 2, 1
123, 20, 0
59, 10, 0
287, 3, 2
356, 21, 2
431, 7, 0
303, 15, 0
328, 12, 2
833, 28, 0
17, 8, 1
140, 7, 1
214, 17, 1
167, 13, 1
184, 8, 0
396, 5, 0
393, 7, 0
228, 2, 0


9, 7, 0
270, 8, 1
289, 17, 2
141, 10, 1
6, 12, 1
212, 1, 0
188, 1, 2
96, 16, 0
240, 27, 0
38, 12, 2
89, 27, 1
122, 7, 0
77, 10, 2
214, 1, 1
12, 19, 1
444, 11, 0
215, 10, 1
183, 12, 2
286, 22, 0
187, 24, 2
423, 8, 1
8, 11, 2
832, 14, 1
136, 14, 0
18, 1, 0
565, 13, 1
187, 19, 2
232, 14, 1
165, 13, 0
366, 11, 1
51, 14, 2
56, 5, 1
837, 24, 2
730, 6, 1
884, 11, 0
111, 10, 0
320, 3, 1
95, 2, 0
153, 8, 2
257, 25, 0
393, 25, 2
60, 23, 2
255, 6, 1
189, 0, 2
86, 10, 2
324, 14, 0
791, 5, 1
399, 20, 1
334, 23, 0
104, 8, 0
111, 1, 0
196, 7, 1
238, 17, 1
538, 2, 2
385, 16, 2
210, 16, 2
64, 5, 2
420, 18, 1
211, 12, 2
81, 11, 2
361, 9, 2
433, 4, 2
153, 2, 1
656, 25, 2
129, 1, 0
326, 21, 0
515, 14, 0
427, 2, 2
145, 0, 2
28, 13, 1
382, 4, 2
410, 10, 0
414, 11, 1
340, 3, 0
70, 9, 2
304, 23, 1
362, 25, 1
278, 13, 2
20, 4, 1
299, 17, 0
341, 7, 2
207, 19, 2
87, 5, 2
148, 4, 0
135, 17, 1
194, 12, 0
318, 12, 0
123, 12, 2
392, 3, 0
125, 8, 2
18, 11, 1
401, 6, 0
458, 25, 0
598, 10, 1
374, 27, 0
314, 7, 1
235, 5, 0
16, 27, 2
35, 6, 2
437, 4, 0


101, 11, 1
423, 5, 2
441, 17, 2
441, 4, 2
65, 1, 0
18, 7, 2
85, 27, 1
39, 5, 1
770, 11, 1
139, 13, 0
301, 27, 1
122, 12, 1
245, 4, 0
103, 5, 1
193, 18, 2
320, 9, 0
223, 2, 2
402, 7, 2
336, 17, 1
219, 14, 1
684, 25, 0
352, 21, 1
28, 2, 0
89, 12, 0
278, 4, 0
53, 6, 1
82, 3, 0
46, 17, 2
322, 4, 2
313, 11, 1
190, 11, 1
37, 5, 2
448, 14, 2
173, 9, 2
5, 5, 2
209, 18, 1
373, 14, 0
278, 21, 1
292, 14, 1
169, 7, 0
184, 6, 1
359, 10, 2
165, 7, 2
218, 24, 2
88, 2, 0
263, 12, 2
388, 1, 2
328, 13, 2
63, 19, 0
98, 4, 0
24, 11, 2
90, 15, 1
126, 19, 2
159, 9, 0
250, 17, 1
291, 13, 2
56, 16, 1
16, 20, 2
443, 15, 2
448, 20, 0
88, 21, 0
277, 2, 2
752, 28, 1
310, 2, 0
161, 3, 2
241, 19, 0
323, 26, 2
284, 10, 0
385, 10, 2
296, 8, 2
236, 20, 1
293, 8, 0
356, 10, 0
120, 18, 0
228, 13, 1
362, 0, 2
268, 9, 2
134, 12, 2
69, 16, 0
243, 6, 0
1, 22, 1
175, 3, 2
34, 12, 2
14, 4, 0
390, 16, 2
128, 13, 2
203, 19, 0
149, 13, 1
76, 8, 1
303, 11, 1
886, 23, 1
229, 11, 2
166, 24, 1
116, 6, 2
11, 18, 2
175, 1, 1
419, 12, 0
406, 13, 2
15, 10, 0
6, 5, 2


118, 7, 0
447, 9, 2
110, 19, 2
34, 0, 0
153, 14, 1
277, 8, 0
882, 21, 1
208, 17, 1
67, 24, 0
240, 10, 2
433, 10, 1
298, 11, 0
606, 2, 0
182, 1, 2
276, 16, 0
148, 6, 1
108, 7, 0
28, 19, 2
422, 20, 1
171, 9, 1
256, 11, 2
285, 15, 2
247, 11, 2
118, 14, 2
317, 15, 2
615, 3, 1
98, 17, 0
26, 10, 0
147, 4, 1
292, 5, 2
18, 12, 2
369, 29, 0
339, 8, 0
201, 19, 2
140, 16, 0
167, 8, 2
411, 20, 0
35, 9, 1
412, 17, 2
194, 13, 0
322, 20, 1
115, 29, 2
255, 3, 0
156, 8, 2
359, 5, 1
228, 10, 1
313, 6, 2
430, 22, 1
23, 8, 1
270, 13, 2
275, 21, 1
347, 1, 2
89, 2, 2
73, 21, 2
101, 21, 2
284, 13, 0
447, 10, 1
345, 13, 2
296, 2, 0
376, 19, 0
185, 19, 0
403, 3, 1
397, 9, 1
393, 5, 2
362, 4, 1
220, 17, 0
66, 16, 1
343, 0, 0
316, 8, 0
421, 9, 2
353, 29, 2
80, 25, 2
0, 17, 2
138, 15, 0
270, 14, 1
252, 12, 2
211, 25, 0
370, 13, 0
115, 19, 0
209, 6, 0
389, 28, 1
27, 29, 0
264, 17, 2
287, 17, 2
243, 14, 2
135, 6, 1
61, 27, 1
213, 7, 1
173, 26, 2
122, 4, 0
306, 6, 2
131, 7, 2
303, 22, 0
36, 4, 2
52, 9, 0
51, 4, 2
376, 10, 2
171, 12, 2
381, 11, 2
265, 9, 2


241, 29, 0
236, 8, 2
429, 17, 2
242, 1, 2
87, 19, 0
359, 7, 2
882, 21, 1
168, 15, 2
366, 8, 1
381, 14, 0
650, 20, 0
81, 19, 0
606, 2, 0
44, 6, 0
520, 27, 2
235, 17, 2
400, 6, 1
166, 16, 0
399, 4, 2
850, 8, 0
218, 7, 1
11, 18, 2
200, 6, 0
159, 17, 2
310, 3, 1
73, 5, 2
190, 27, 1
434, 11, 0
80, 4, 1
355, 5, 1
126, 3, 2
211, 8, 1
317, 10, 0
265, 25, 2
327, 7, 0
275, 10, 2
267, 26, 1
532, 14, 2
384, 18, 1
88, 16, 1
131, 10, 1
341, 8, 1
202, 10, 0
136, 24, 0
67, 21, 2
7, 15, 0
412, 2, 2
348, 7, 0
126, 5, 2
60, 18, 2
263, 5, 0
663, 21, 0
106, 29, 1
127, 6, 0
71, 4, 1
114, 4, 1
252, 26, 0
30, 14, 2
38, 3, 1
208, 29, 2
212, 18, 0
236, 18, 2
738, 10, 1
133, 18, 2
98, 8, 2
48, 29, 2
417, 8, 0
369, 9, 0
326, 11, 0
13, 13, 2
32, 17, 1
293, 14, 0
20, 14, 1
271, 5, 0
369, 23, 1
101, 2, 2
112, 2, 1
140, 13, 0
58, 27, 0
47, 8, 0
45, 15, 1
171, 10, 1
433, 21, 1
144, 11, 0
336, 23, 1
196, 26, 1
203, 19, 0
133, 6, 0
105, 12, 1
243, 1, 0
285, 12, 2
197, 6, 1
187, 22, 0
292, 6, 1
304, 8, 2
220, 1, 0
243, 11, 0
444, 9, 2
84, 21, 0
446, 3, 2


441, 2, 2
226, 17, 1
35, 10, 1
358, 1, 0
205, 2, 1
218, 4, 0
882, 21, 1
384, 5, 2
103, 20, 1
146, 16, 0
199, 29, 1
95, 24, 1
396, 16, 1
46, 3, 2
47, 24, 2
165, 7, 0
175, 6, 2
238, 6, 2
237, 4, 2
173, 23, 2
61, 6, 1
186, 25, 0
203, 2, 1
334, 16, 2
370, 1, 2
395, 10, 0
5, 12, 2
121, 20, 1
128, 12, 0
352, 13, 1
85, 2, 2
113, 0, 2
287, 24, 0
288, 8, 0
208, 6, 1
137, 12, 2
451, 28, 0
259, 14, 1
377, 12, 1
73, 6, 0
156, 2, 2
121, 21, 0
197, 3, 0
183, 6, 2
82, 11, 0
228, 10, 1
107, 0, 2
322, 11, 0
243, 12, 0
441, 21, 2
285, 18, 2
89, 5, 1
45, 12, 0
161, 10, 2
256, 20, 0
295, 3, 1
444, 15, 1
237, 15, 1
114, 8, 1
403, 24, 2
384, 24, 2
329, 1, 1
85, 5, 2
25, 18, 0
261, 3, 1
205, 15, 2
443, 22, 1
267, 18, 1
10, 16, 1
271, 5, 1
438, 3, 2
23, 4, 0
217, 13, 0
21, 15, 1
232, 28, 0
124, 2, 2
227, 3, 0
282, 15, 2
147, 2, 1
80, 9, 1
152, 29, 1
421, 13, 2
408, 17, 0
245, 22, 0
334, 21, 1
409, 2, 0
329, 19, 1
159, 6, 0
376, 16, 1
135, 1, 1
146, 5, 1
0, 9, 1
307, 18, 0
336, 1, 2
86, 12, 2
209, 4, 0
73, 15, 1
59, 25, 0
52, 10, 1
244, 10, 2


241, 29, 0
264, 7, 2
250, 6, 0
63, 21, 0
87, 19, 0
359, 7, 2
882, 21, 1
241, 9, 1
6, 17, 0
326, 7, 2
650, 20, 0
317, 4, 1
270, 17, 2
209, 5, 0
182, 8, 0
428, 8, 2
302, 7, 1
185, 17, 0
169, 18, 0
176, 8, 1
428, 20, 1
274, 25, 1
110, 15, 2
222, 9, 2
426, 0, 1
293, 18, 1
105, 21, 2
34, 10, 1
21, 0, 2
443, 9, 1
34, 18, 1
375, 17, 2
263, 4, 0
385, 18, 1
70, 7, 0
298, 14, 1
310, 12, 2
110, 13, 2
269, 7, 1
233, 1, 2
56, 8, 1
232, 15, 1
670, 20, 1
90, 5, 1
69, 25, 0
270, 21, 0
213, 18, 1
438, 9, 2
379, 4, 2
48, 16, 2
362, 14, 0
1, 10, 2
272, 7, 2
91, 5, 0
338, 20, 2
120, 8, 0
42, 11, 0
212, 17, 2
339, 12, 2
228, 2, 1
153, 2, 1
105, 4, 1
34, 5, 0
393, 5, 2
260, 13, 1
320, 5, 1
346, 4, 1
208, 19, 1
319, 13, 1
217, 4, 0
353, 29, 2
758, 24, 1
425, 10, 0
146, 9, 2
358, 19, 0
279, 26, 1
20, 26, 0
370, 13, 0
402, 5, 2
85, 5, 2
125, 20, 1
367, 8, 1
373, 13, 2
127, 11, 1
243, 14, 2
395, 23, 2
231, 21, 2
316, 21, 2
173, 26, 2
332, 4, 1
113, 6, 1
217, 5, 0
288, 2, 2
13, 8, 2
18, 20, 0
73, 3, 0
86, 16, 0
123, 18, 0
116, 8, 0
642, 23, 0


424, 4, 2
272, 18, 0
406, 5, 1
152, 2, 0
436, 13, 0
209, 4, 1
882, 21, 1
277, 20, 1
278, 15, 0
84, 16, 2
319, 26, 1
165, 6, 0
124, 18, 2
430, 6, 0
520, 27, 2
312, 19, 1
250, 0, 0
166, 16, 0
90, 10, 2
170, 4, 1
150, 6, 2
87, 14, 2
289, 1, 0
383, 13, 1
370, 1, 2
395, 10, 0
221, 24, 2
121, 20, 1
153, 6, 2
352, 13, 1
85, 2, 2
113, 0, 2
392, 25, 0
266, 3, 1
257, 6, 0
211, 14, 1
361, 18, 0
190, 5, 1
217, 13, 1
749, 16, 2
162, 4, 0
269, 23, 2
254, 8, 0
298, 0, 2
62, 11, 2
55, 21, 1
125, 1, 2
239, 7, 0
2, 1, 2
84, 11, 2
11, 0, 0
195, 8, 2
126, 19, 2
173, 0, 0
108, 14, 2
82, 13, 0
323, 8, 0
78, 11, 2
3, 18, 2
287, 17, 0
260, 27, 2
20, 0, 2
752, 28, 1
56, 26, 0
443, 4, 1
228, 7, 2
287, 11, 0
98, 15, 2
67, 2, 2
46, 18, 1
270, 17, 1
24, 19, 0
160, 22, 1
148, 24, 1
817, 6, 1
387, 20, 0
232, 2, 2
23, 9, 0
68, 18, 0
240, 18, 1
448, 12, 2
296, 7, 1
363, 0, 0
94, 1, 2
226, 25, 1
8, 10, 2
309, 12, 2
136, 7, 0
163, 13, 0
192, 21, 2
2, 9, 2
35, 2, 0
11, 12, 2
22, 12, 1
334, 4, 2
356, 0, 0
327, 2, 2
413, 10, 1
129, 5, 2
177, 5, 0


441, 2, 2
226, 17, 1
63, 28, 2
358, 1, 0
19, 0, 2
218, 4, 0
882, 21, 1
384, 5, 2
186, 1, 2
183, 20, 0
289, 16, 1
173, 8, 0
125, 14, 1
446, 7, 0
270, 13, 0
318, 12, 2
96, 5, 1
116, 8, 1
147, 16, 1
393, 13, 2
203, 17, 1
294, 17, 2
222, 5, 2
344, 20, 0
93, 6, 1
97, 0, 1
189, 16, 1
19, 9, 1
435, 4, 2
290, 5, 2
85, 2, 2
424, 5, 1
304, 15, 2
283, 9, 0
65, 0, 2
46, 14, 1
441, 19, 0
292, 10, 1
146, 5, 0
399, 7, 1
168, 6, 1
455, 13, 1
265, 7, 0
38, 6, 2
256, 14, 1
228, 10, 1
412, 2, 2
322, 11, 0
136, 2, 0
23, 14, 1
110, 6, 0
89, 5, 1
255, 16, 0
242, 0, 2
145, 19, 0
286, 0, 2
25, 19, 0
69, 18, 0
347, 11, 2
355, 14, 2
345, 17, 2
221, 9, 2
621, 24, 2
105, 22, 1
119, 4, 2
205, 15, 2
65, 15, 1
85, 14, 0
320, 16, 1
7, 17, 1
170, 18, 1
303, 4, 0
361, 10, 0
135, 7, 1
109, 16, 0
148, 13, 1
58, 10, 0
206, 7, 2
330, 7, 2
99, 13, 0
266, 6, 2
232, 11, 2
128, 13, 0
277, 20, 0
31, 10, 2
111, 20, 0
373, 22, 1
160, 13, 2
74, 18, 0
192, 4, 1
273, 11, 1
271, 4, 1
241, 18, 0
191, 1, 2
122, 12, 0
708, 14, 2
267, 14, 2
222, 22, 1
889, 6, 0
394, 5, 1


438, 15, 0
266, 7, 0
74, 28, 2
223, 6, 1
6, 12, 1
212, 1, 0
371, 6, 1
96, 16, 0
240, 27, 0
38, 12, 2
362, 18, 2
173, 8, 0
230, 2, 0
291, 11, 1
368, 6, 1
47, 3, 0
96, 5, 1
10, 20, 0
11, 25, 0
393, 13, 2
256, 11, 2
280, 15, 1
117, 12, 2
351, 15, 0
172, 13, 0
28, 14, 2
105, 16, 1
19, 9, 1
128, 12, 0
63, 4, 2
85, 2, 2
113, 0, 2
287, 24, 0
186, 6, 0
219, 11, 0
338, 4, 2
411, 20, 0
259, 14, 1
106, 4, 0
396, 0, 2
131, 10, 1
449, 19, 0
294, 20, 0
136, 24, 0
55, 20, 1
141, 5, 2
412, 2, 2
129, 4, 0
243, 12, 0
6, 11, 2
145, 17, 1
331, 14, 0
161, 8, 0
392, 6, 2
672, 12, 2
101, 0, 2
37, 11, 1
128, 23, 1
347, 11, 2
386, 14, 2
90, 23, 2
7, 8, 1
621, 24, 2
323, 14, 0
202, 28, 2
205, 15, 2
390, 20, 1
677, 27, 0
422, 10, 1
110, 13, 2
881, 12, 0
155, 1, 2
410, 24, 2
117, 27, 1
69, 4, 2
405, 2, 2
538, 27, 1
365, 11, 0
286, 5, 2
64, 12, 0
630, 17, 0
350, 26, 1
195, 4, 1
29, 4, 2
279, 20, 0
734, 19, 1
214, 19, 2
249, 2, 2
160, 24, 2
373, 0, 1
362, 12, 0
133, 4, 1
185, 8, 2
394, 11, 2
122, 7, 0
178, 1, 1
308, 25, 0
261, 20, 1
192, 21, 0
55, 1, 1


420, 7, 0
236, 4, 1
440, 14, 0
281, 0, 0
42, 3, 2
188, 2, 0
882, 21, 1
62, 11, 2
770, 11, 1
181, 12, 1
190, 17, 2
381, 6, 1
606, 2, 0
209, 5, 0
231, 19, 0
312, 19, 1
173, 0, 2
100, 7, 2
148, 23, 0
34, 7, 2
181, 4, 2
285, 15, 2
247, 11, 2
54, 19, 0
256, 12, 2
172, 18, 1
93, 14, 0
37, 19, 0
184, 13, 1
105, 6, 2
249, 12, 1
121, 29, 0
46, 11, 1
232, 21, 2
140, 16, 0
202, 1, 0
169, 23, 0
91, 3, 1
412, 17, 2
40, 8, 0
131, 10, 1
327, 17, 0
255, 3, 0
62, 6, 1
374, 4, 0
228, 10, 1
57, 14, 0
230, 0, 0
433, 5, 1
185, 17, 0
135, 17, 0
139, 1, 2
428, 12, 1
184, 20, 1
191, 9, 2
258, 7, 2
252, 26, 0
383, 27, 2
137, 7, 1
220, 16, 0
418, 15, 1
385, 5, 1
197, 4, 2
9, 8, 2
96, 1, 1
210, 8, 1
157, 1, 0
15, 13, 2
223, 6, 2
448, 10, 2
75, 10, 2
284, 12, 1
112, 27, 1
293, 19, 2
156, 10, 1
273, 4, 1
268, 4, 0
124, 12, 2
644, 10, 0
446, 10, 0
6, 19, 1
245, 9, 2
111, 1, 0
196, 11, 1
391, 25, 0
369, 19, 2
324, 5, 0
413, 4, 2
380, 20, 0
19, 7, 2
344, 5, 0
33, 3, 0
239, 1, 2
272, 10, 1
330, 5, 1
172, 1, 0
25, 4, 1
412, 24, 0
174, 5, 0
242, 3, 2


17, 1, 1
266, 7, 0
219, 6, 0
223, 6, 1
6, 12, 1
212, 1, 0
371, 6, 1
96, 16, 0
314, 14, 0
38, 12, 2
171, 22, 2
296, 21, 0
606, 2, 0
40, 5, 2
228, 23, 1
83, 9, 1
96, 5, 1
24, 7, 1
11, 25, 0
393, 13, 2
256, 11, 2
159, 26, 0
117, 12, 2
351, 15, 0
172, 13, 0
182, 13, 0
105, 16, 1
212, 18, 2
414, 3, 1
63, 4, 2
85, 2, 2
113, 0, 2
29, 25, 1
207, 20, 2
196, 10, 0
33, 15, 0
72, 5, 1
343, 9, 1
106, 4, 0
143, 8, 2
131, 10, 1
249, 14, 0
135, 16, 1
298, 17, 1
236, 14, 1
228, 10, 1
412, 2, 2
128, 7, 2
243, 12, 0
178, 12, 2
145, 17, 1
331, 14, 0
438, 21, 1
58, 3, 1
672, 12, 2
286, 0, 2
388, 9, 1
364, 11, 1
245, 11, 1
386, 14, 2
364, 6, 0
7, 8, 1
151, 1, 2
161, 3, 0
115, 23, 0
429, 12, 1
390, 20, 1
677, 27, 0
107, 15, 1
110, 13, 2
881, 12, 0
91, 11, 1
335, 21, 2
117, 27, 1
69, 4, 2
448, 13, 1
127, 4, 1
226, 6, 2
209, 5, 2
409, 17, 0
261, 24, 1
190, 15, 2
205, 4, 2
351, 3, 0
5, 14, 0
369, 15, 1
43, 8, 2
4, 0, 1
13, 1, 2
326, 7, 2
139, 10, 2
172, 9, 2
322, 12, 2
163, 9, 2
212, 6, 2
307, 3, 2
276, 14, 1
313, 20, 2
211, 15, 0
642, 23, 0


241, 29, 0
108, 3, 2
300, 19, 2
175, 8, 1
118, 6, 1
288, 5, 0
882, 21, 1
87, 12, 1
402, 19, 1
153, 4, 1
239, 11, 0
746, 9, 0
606, 2, 0
186, 0, 2
520, 27, 2
202, 14, 2
99, 12, 1
166, 16, 0
233, 15, 2
850, 8, 0
120, 9, 1
415, 22, 1
237, 0, 0
159, 17, 2
200, 4, 2
146, 10, 0
68, 20, 1
178, 15, 1
80, 4, 1
319, 4, 1
126, 3, 2
132, 16, 0
213, 15, 0
60, 7, 2
763, 1, 2
358, 3, 1
333, 15, 0
259, 21, 1
308, 17, 1
256, 0, 2
240, 4, 1
354, 8, 1
257, 10, 2
219, 7, 0
162, 4, 2
76, 15, 2
50, 6, 0
430, 22, 1
23, 8, 1
270, 13, 2
275, 21, 1
347, 1, 2
89, 2, 2
73, 21, 2
39, 19, 1
129, 0, 0
447, 10, 1
224, 10, 2
122, 14, 2
72, 9, 1
116, 20, 2
403, 3, 1
34, 5, 0
393, 5, 2
181, 4, 1
320, 5, 1
66, 16, 1
148, 9, 1
32, 6, 1
421, 9, 2
353, 29, 2
758, 24, 1
0, 17, 2
138, 15, 0
409, 6, 2
279, 26, 1
211, 25, 0
370, 13, 0
304, 3, 2
109, 8, 1
389, 28, 1
121, 14, 2
159, 19, 0
287, 17, 2
243, 14, 2
135, 6, 1
14, 25, 1
316, 21, 2
173, 26, 2
332, 4, 1
306, 6, 2
131, 7, 2
198, 5, 1
13, 8, 2
52, 9, 0
51, 4, 2
376, 10, 2
331, 16, 0
381, 11, 2
642, 23, 0


101, 11, 1
365, 4, 1
182, 27, 2
441, 4, 2
118, 5, 2
198, 7, 1
239, 5, 2
147, 12, 2
422, 23, 0
208, 0, 2
126, 11, 2
104, 19, 0
606, 2, 0
342, 4, 2
435, 8, 1
365, 19, 1
250, 0, 0
139, 20, 0
477, 11, 2
850, 8, 0
201, 24, 2
194, 16, 1
193, 2, 2
438, 8, 1
18, 1, 0
565, 13, 1
315, 6, 0
81, 28, 2
93, 1, 2
449, 10, 0
20, 5, 2
318, 16, 1
219, 13, 2
191, 2, 0
884, 11, 0
157, 15, 0
338, 28, 0
65, 17, 2
439, 12, 2
239, 20, 1
233, 20, 0
274, 10, 2
172, 17, 1
22, 0, 2
112, 13, 2
347, 23, 0
22, 4, 2
399, 20, 1
128, 21, 1
292, 23, 2
375, 10, 2
89, 7, 2
343, 2, 2
245, 0, 2
279, 0, 0
168, 12, 2
325, 5, 2
211, 7, 0
413, 10, 2
129, 3, 1
405, 4, 2
37, 1, 1
26, 9, 2
16, 25, 0
751, 2, 0
355, 3, 1
4, 1, 0
71, 15, 1
168, 8, 0
41, 19, 2
429, 25, 0
273, 25, 0
369, 23, 2
277, 25, 1
445, 24, 1
769, 23, 1
178, 0, 0
753, 21, 0
2, 18, 0
418, 17, 1
405, 28, 0
178, 9, 1
255, 9, 2
446, 2, 2
49, 15, 2
239, 6, 1
359, 12, 1
277, 13, 1
1, 20, 1
8, 7, 0
263, 10, 1
429, 2, 2
43, 9, 2
260, 28, 1
173, 0, 2
870, 1, 1
55, 5, 0
296, 8, 2
391, 10, 1
155, 11, 1


346, 5, 2
211, 4, 0
251, 1, 1
131, 5, 0
142, 1, 2
350, 11, 2
882, 21, 1
149, 17, 2
186, 1, 2
8, 5, 1
323, 20, 2
371, 8, 0
404, 5, 1
78, 0, 1
403, 24, 2
278, 12, 2
408, 16, 0
321, 5, 2
11, 25, 0
393, 13, 2
422, 11, 0
363, 26, 0
93, 6, 0
239, 14, 2
198, 5, 2
28, 14, 2
182, 13, 0
19, 9, 1
128, 12, 0
63, 4, 2
46, 0, 0
113, 0, 2
287, 24, 0
157, 2, 1
19, 0, 1
338, 4, 2
84, 3, 1
260, 4, 0
317, 2, 0
205, 6, 0
131, 10, 1
449, 19, 0
294, 20, 0
136, 24, 0
132, 19, 1
216, 10, 2
412, 2, 2
129, 4, 0
158, 19, 0
6, 11, 2
298, 10, 1
331, 14, 0
161, 8, 0
154, 3, 0
672, 12, 2
101, 0, 2
37, 11, 1
343, 8, 0
347, 11, 2
386, 14, 2
90, 23, 2
7, 8, 1
621, 24, 2
235, 2, 1
202, 28, 2
205, 15, 2
390, 20, 1
677, 27, 0
431, 10, 1
139, 0, 0
881, 12, 0
168, 21, 1
354, 10, 0
115, 25, 2
69, 4, 2
431, 26, 0
538, 27, 1
419, 2, 1
176, 0, 1
446, 16, 1
21, 28, 0
22, 16, 1
309, 11, 1
400, 14, 1
121, 12, 2
363, 4, 1
425, 8, 1
58, 17, 2
438, 8, 2
326, 7, 2
4, 17, 0
421, 5, 1
24, 29, 0
333, 10, 2
371, 0, 2
165, 1, 2
228, 16, 1
408, 10, 2
408, 1, 0
642, 23, 0


241, 29, 0
236, 8, 2
429, 17, 2
187, 15, 1
87, 19, 0
359, 7, 2
882, 21, 1
87, 12, 1
366, 8, 1
290, 23, 0
650, 20, 0
81, 19, 0
606, 2, 0
44, 6, 0
520, 27, 2
235, 17, 2
400, 6, 1
166, 16, 0
477, 11, 2
850, 8, 0
218, 7, 1
11, 18, 2
200, 6, 0
159, 17, 2
310, 3, 1
73, 5, 2
190, 27, 1
434, 11, 0
80, 4, 1
355, 5, 1
126, 3, 2
211, 8, 1
152, 23, 2
265, 25, 2
763, 1, 2
141, 7, 1
333, 15, 0
532, 14, 2
164, 5, 1
749, 16, 2
131, 10, 1
341, 8, 1
202, 10, 0
136, 24, 0
67, 21, 2
7, 15, 0
412, 2, 2
348, 7, 0
390, 28, 0
60, 18, 2
263, 5, 0
663, 21, 0
106, 29, 1
184, 20, 1
153, 9, 2
182, 11, 2
252, 26, 0
30, 14, 2
638, 2, 1
208, 29, 2
205, 4, 2
236, 18, 2
738, 10, 1
133, 18, 2
98, 8, 2
48, 29, 2
277, 24, 2
268, 7, 2
115, 2, 2
700, 29, 2
158, 9, 1
56, 23, 1
14, 14, 1
179, 15, 1
248, 13, 0
112, 3, 2
55, 3, 2
282, 8, 2
169, 23, 2
769, 25, 0
62, 9, 2
409, 25, 1
244, 0, 1
817, 2, 1
249, 28, 1
221, 11, 0
128, 10, 0
276, 12, 2
371, 5, 2
384, 14, 1
328, 12, 2
833, 28, 0
418, 27, 1
421, 10, 0
525, 25, 0
544, 12, 1
293, 5, 2
203, 18, 0
440, 6, 1
174, 0, 0


269, 8, 0
106, 24, 0
363, 26, 2
63, 21, 0
257, 7, 2
150, 3, 1
882, 21, 1
277, 20, 1
402, 19, 1
288, 0, 2
650, 20, 0
25, 16, 2
200, 17, 0
50, 10, 1
520, 27, 2
159, 12, 0
250, 0, 0
166, 16, 0
72, 15, 0
850, 8, 0
256, 11, 2
447, 17, 0
190, 6, 0
334, 8, 2
93, 6, 1
412, 9, 0
189, 16, 1
291, 29, 1
128, 12, 0
119, 13, 1
85, 2, 2
113, 0, 2
287, 24, 0
320, 10, 2
208, 6, 1
111, 5, 0
54, 9, 2
259, 14, 1
217, 5, 1
73, 6, 0
200, 3, 2
175, 3, 1
197, 3, 0
183, 6, 2
43, 22, 2
29, 9, 2
343, 3, 1
322, 11, 0
243, 12, 0
139, 26, 2
285, 18, 2
89, 5, 1
174, 15, 1
161, 10, 2
256, 20, 0
295, 3, 1
163, 8, 1
237, 15, 1
168, 24, 2
42, 18, 2
384, 24, 2
235, 9, 2
85, 5, 2
252, 6, 2
352, 23, 2
175, 21, 2
247, 15, 0
267, 18, 1
10, 16, 1
446, 9, 0
85, 12, 1
23, 4, 0
335, 21, 2
242, 4, 1
69, 4, 2
124, 2, 2
136, 3, 1
282, 15, 2
147, 2, 1
268, 16, 1
367, 12, 0
190, 15, 2
266, 15, 1
100, 13, 1
227, 25, 1
445, 7, 1
332, 13, 0
381, 7, 0
376, 16, 1
168, 5, 2
3, 16, 0
0, 9, 1
1, 12, 1
37, 1, 2
226, 9, 1
708, 14, 2
54, 3, 2
220, 14, 0
332, 5, 1
135, 7, 0


424, 4, 2
272, 18, 0
406, 5, 1
152, 2, 0
436, 13, 0
298, 4, 0
882, 21, 1
277, 20, 1
278, 15, 0
84, 16, 2
319, 26, 1
24, 9, 0
124, 18, 2
117, 1, 1
520, 27, 2
312, 19, 1
250, 0, 0
63, 16, 2
90, 10, 2
170, 4, 1
150, 6, 2
87, 14, 2
289, 1, 0
294, 12, 0
370, 1, 2
395, 10, 0
257, 26, 2
121, 20, 1
153, 6, 2
352, 13, 1
126, 3, 2
135, 9, 1
396, 16, 0
317, 28, 2
436, 9, 0
441, 19, 1
333, 15, 0
532, 14, 2
240, 16, 2
293, 24, 0
78, 12, 0
455, 13, 1
202, 10, 0
136, 24, 0
129, 16, 1
41, 14, 0
412, 2, 2
16, 17, 1
57, 1, 0
340, 16, 2
105, 8, 0
68, 7, 0
41, 11, 1
223, 16, 2
196, 21, 0
72, 5, 1
387, 15, 1
38, 21, 1
638, 2, 1
208, 29, 2
310, 1, 0
236, 18, 2
155, 5, 0
133, 18, 2
343, 22, 0
48, 29, 2
146, 19, 1
18, 10, 0
67, 22, 2
331, 17, 0
158, 9, 1
204, 7, 1
46, 17, 2
86, 7, 1
218, 26, 0
325, 9, 2
126, 0, 0
101, 6, 2
169, 23, 2
363, 14, 2
368, 5, 2
407, 21, 1
244, 0, 1
192, 10, 1
691, 18, 1
218, 5, 1
256, 6, 2
98, 15, 1
219, 9, 0
131, 10, 1
328, 12, 2
127, 22, 0
224, 13, 1
185, 10, 2
92, 4, 2
170, 1, 0
416, 14, 0
447, 4, 2
339, 16, 0
344, 5, 2


431, 6, 1
106, 24, 0
174, 21, 1
179, 5, 2
87, 19, 0
163, 1, 0
882, 21, 1
56, 14, 2
135, 16, 0
156, 12, 0
650, 20, 0
102, 19, 0
606, 2, 0
342, 4, 2
520, 27, 2
312, 19, 1
148, 3, 0
182, 10, 2
477, 11, 2
850, 8, 0
201, 24, 2
32, 11, 2
30, 1, 1
182, 21, 0
18, 1, 0
321, 28, 0
424, 25, 2
81, 28, 2
391, 1, 1
449, 10, 0
87, 10, 0
96, 5, 1
46, 23, 0
191, 2, 0
206, 1, 1
217, 7, 1
338, 28, 0
65, 17, 2
439, 12, 2
382, 16, 0
152, 4, 1
274, 10, 2
171, 19, 2
409, 2, 2
112, 13, 2
404, 19, 2
22, 4, 2
103, 21, 2
162, 17, 0
29, 16, 0
388, 0, 1
202, 10, 1
90, 8, 0
367, 2, 1
279, 0, 0
287, 11, 1
238, 11, 1
131, 7, 1
44, 5, 2
379, 15, 0
334, 19, 2
68, 0, 2
26, 9, 2
112, 28, 2
193, 7, 1
250, 11, 0
4, 1, 0
71, 15, 1
211, 15, 1
232, 12, 2
312, 0, 1
108, 9, 1
70, 28, 2
280, 18, 1
445, 24, 1
769, 23, 1
211, 25, 0
359, 7, 1
296, 5, 1
97, 16, 1
340, 16, 1
221, 24, 1
7, 6, 1
57, 2, 1
241, 12, 1
148, 25, 2
705, 22, 2
260, 17, 1
170, 7, 1
76, 7, 1
113, 6, 1
293, 4, 2
245, 27, 1
439, 5, 2
52, 9, 0
28, 0, 2
41, 13, 0
288, 17, 2
151, 9, 0
320, 3, 1


426, 5, 1
236, 4, 1
110, 19, 2
34, 0, 0
33, 14, 2
425, 8, 1
882, 21, 1
374, 10, 1
420, 22, 0
99, 5, 1
433, 10, 1
298, 11, 0
606, 2, 0
209, 5, 0
95, 25, 2
312, 19, 1
128, 4, 0
28, 19, 2
27, 12, 1
850, 8, 0
120, 9, 1
11, 18, 2
135, 4, 2
159, 17, 2
310, 3, 1
73, 5, 2
190, 27, 1
143, 11, 1
80, 4, 1
246, 4, 1
174, 3, 2
211, 8, 1
152, 23, 2
69, 4, 2
763, 1, 2
46, 14, 1
333, 15, 0
173, 19, 2
164, 5, 1
749, 16, 2
399, 13, 1
162, 5, 1
202, 10, 0
136, 24, 0
14, 6, 1
19, 5, 2
412, 2, 2
348, 7, 0
170, 12, 1
146, 16, 1
78, 8, 0
363, 19, 0
366, 10, 0
392, 6, 2
115, 19, 1
190, 5, 1
412, 13, 2
442, 12, 1
204, 5, 2
386, 14, 2
90, 23, 2
229, 12, 1
282, 10, 0
217, 14, 2
15, 13, 0
393, 14, 1
167, 16, 0
677, 27, 0
179, 13, 0
182, 20, 1
178, 1, 0
322, 12, 1
353, 12, 0
271, 8, 0
32, 3, 2
405, 2, 2
160, 2, 0
442, 13, 1
15, 12, 1
64, 12, 0
443, 24, 1
350, 26, 1
195, 4, 1
257, 9, 1
54, 20, 1
734, 19, 1
246, 15, 1
135, 11, 2
147, 2, 0
373, 0, 1
260, 25, 2
421, 10, 1
268, 24, 1
126, 10, 0
369, 11, 1
267, 1, 0
308, 25, 0
196, 21, 0
104, 14, 0
55, 1, 1


183, 4, 2
158, 18, 0
110, 19, 2
84, 12, 2
72, 18, 2
170, 6, 0
882, 21, 1
145, 14, 1
413, 13, 0
67, 6, 0
79, 21, 2
139, 19, 0
606, 2, 0
214, 1, 1
261, 14, 1
444, 11, 0
248, 1, 0
278, 15, 0
286, 22, 0
187, 24, 2
135, 4, 1
8, 11, 2
95, 4, 1
136, 14, 0
18, 1, 0
565, 13, 1
187, 19, 2
232, 14, 1
165, 13, 0
366, 11, 1
51, 14, 2
264, 2, 2
837, 24, 2
730, 6, 1
884, 11, 0
395, 12, 0
320, 3, 1
77, 14, 1
153, 8, 2
286, 26, 1
393, 25, 2
60, 23, 2
255, 6, 1
189, 0, 2
229, 3, 0
324, 14, 0
791, 5, 1
126, 26, 1
100, 15, 0
274, 19, 2
111, 1, 0
303, 2, 2
238, 17, 1
538, 2, 2
385, 16, 2
210, 16, 2
157, 11, 2
167, 29, 1
211, 12, 2
81, 11, 2
361, 9, 2
433, 4, 2
153, 2, 1
656, 25, 2
129, 1, 0
326, 21, 0
515, 14, 0
427, 2, 2
43, 3, 1
28, 13, 1
382, 4, 2
410, 10, 0
251, 7, 0
340, 3, 0
22, 3, 2
304, 23, 1
362, 25, 1
278, 13, 2
45, 3, 0
271, 13, 0
341, 7, 2
207, 20, 1
87, 5, 2
148, 4, 0
95, 18, 0
194, 12, 0
318, 12, 0
295, 3, 1
392, 3, 0
125, 8, 2
18, 11, 1
401, 6, 0
396, 21, 1
390, 6, 2
374, 27, 0
63, 3, 2
4, 17, 1
16, 27, 2
35, 6, 2
437, 4, 0


232, 2, 1
236, 4, 1
110, 19, 2
15, 21, 0
243, 7, 2
120, 4, 1
882, 21, 1
58, 13, 2
256, 3, 1
59, 3, 1
82, 7, 0
746, 9, 0
41, 16, 1
332, 11, 0
158, 6, 0
312, 19, 1
369, 11, 1
19, 19, 0
143, 3, 0
850, 8, 0
684, 25, 0
285, 15, 2
251, 2, 2
85, 28, 2
204, 5, 2
251, 10, 2
360, 8, 1
151, 13, 2
181, 0, 2
355, 5, 1
281, 2, 2
457, 5, 2
157, 19, 0
201, 12, 2
24, 3, 1
286, 22, 0
437, 22, 0
181, 25, 1
791, 6, 1
395, 29, 1
580, 20, 2
705, 23, 2
137, 13, 2
172, 16, 1
835, 25, 0
370, 5, 1
386, 7, 1
296, 29, 2
127, 14, 1
805, 8, 1
206, 15, 2
300, 16, 1
687, 2, 2
691, 16, 0
80, 17, 2
283, 0, 2
364, 12, 1
303, 7, 1
57, 7, 0
329, 3, 1
185, 11, 1
41, 3, 0
421, 17, 2
255, 16, 1
15, 5, 1
444, 9, 0
125, 22, 1
74, 12, 1
98, 8, 2
399, 8, 1
496, 3, 2
629, 15, 1
32, 15, 1
47, 23, 2
320, 7, 1
0, 6, 1
96, 28, 1
210, 12, 2
402, 0, 1
603, 14, 2
343, 5, 2
270, 23, 1
153, 6, 2
274, 3, 1
327, 27, 0
424, 4, 1
145, 17, 1
125, 0, 2
13, 1, 2
174, 12, 2
428, 12, 0
55, 10, 1
242, 8, 1
229, 13, 1
173, 17, 0
307, 3, 2
261, 12, 1
167, 24, 0
36, 8, 2
642, 23, 0


24, 0, 1
361, 3, 2
378, 6, 1
165, 15, 1
17, 15, 0
264, 11, 2
882, 21, 1
216, 8, 0
321, 16, 1
227, 18, 1
650, 20, 0
75, 6, 1
62, 25, 2
83, 0, 2
205, 6, 1
121, 23, 2
36, 1, 0
157, 10, 0
19, 14, 1
233, 22, 0
129, 11, 0
313, 16, 0
88, 10, 0
266, 9, 1
105, 7, 2
248, 17, 0
105, 21, 2
261, 9, 0
366, 7, 0
313, 11, 1
61, 1, 0
321, 6, 2
448, 14, 2
173, 9, 2
5, 5, 2
209, 18, 1
424, 10, 2
278, 21, 1
292, 14, 1
169, 7, 0
50, 9, 2
86, 16, 2
255, 3, 0
218, 24, 2
189, 6, 2
336, 12, 0
388, 1, 2
124, 8, 2
63, 19, 0
283, 27, 2
177, 14, 1
90, 15, 1
32, 24, 0
51, 26, 2
139, 23, 2
231, 9, 0
222, 6, 0
439, 10, 2
3, 18, 2
448, 20, 0
37, 20, 0
277, 2, 2
752, 28, 1
388, 8, 0
429, 2, 2
389, 20, 1
120, 24, 1
34, 17, 2
385, 10, 2
409, 7, 1
157, 16, 2
226, 1, 2
356, 10, 0
359, 18, 0
245, 26, 0
362, 0, 2
281, 8, 0
140, 13, 0
108, 16, 0
243, 6, 0
374, 24, 0
171, 10, 1
34, 12, 2
163, 8, 1
390, 16, 2
196, 26, 1
203, 19, 0
428, 3, 2
144, 12, 1
154, 4, 1
65, 14, 2
229, 11, 2
297, 22, 1
116, 6, 2
11, 18, 2
220, 1, 0
187, 1, 1
444, 9, 2
170, 2, 1
789, 3, 1


434, 8, 1
396, 2, 1
309, 14, 0
196, 2, 1
5, 4, 0
51, 0, 2
882, 21, 1
42, 5, 2
103, 20, 1
146, 16, 0
169, 18, 0
95, 24, 1
263, 7, 1
214, 1, 1
12, 19, 1
25, 8, 0
175, 6, 2
149, 10, 2
286, 22, 0
187, 24, 2
423, 8, 1
428, 29, 0
832, 14, 1
273, 13, 0
18, 1, 0
93, 13, 1
330, 28, 1
232, 14, 1
166, 12, 0
366, 11, 1
222, 18, 2
45, 14, 1
118, 3, 0
295, 0, 1
269, 8, 1
111, 10, 0
320, 3, 1
95, 2, 0
221, 8, 1
352, 21, 1
281, 23, 0
256, 22, 2
436, 22, 1
189, 0, 2
83, 7, 1
324, 14, 0
412, 2, 2
436, 9, 0
243, 12, 0
200, 18, 0
145, 17, 1
331, 14, 0
161, 8, 0
161, 10, 2
403, 16, 1
286, 0, 2
340, 8, 2
128, 23, 1
347, 5, 2
386, 14, 2
148, 9, 2
7, 8, 1
621, 24, 2
407, 21, 2
78, 3, 1
391, 18, 0
390, 20, 1
364, 4, 2
209, 13, 0
256, 7, 1
881, 12, 0
320, 5, 2
335, 21, 2
371, 11, 0
57, 7, 1
31, 5, 1
227, 3, 0
281, 14, 2
248, 5, 0
233, 15, 2
136, 25, 0
190, 15, 2
205, 4, 2
435, 1, 2
297, 9, 2
238, 10, 2
705, 22, 2
381, 7, 0
429, 12, 0
114, 6, 1
443, 10, 2
75, 11, 0
307, 18, 0
419, 17, 0
30, 14, 0
708, 14, 2
37, 18, 1
57, 13, 2
235, 5, 0
181, 2, 1


232, 2, 1
236, 4, 1
110, 19, 2
15, 21, 0
50, 7, 0
120, 4, 1
882, 21, 1
58, 13, 2
256, 3, 1
59, 3, 1
82, 7, 0
746, 9, 0
606, 2, 0
65, 15, 2
219, 6, 1
312, 19, 1
369, 11, 1
29, 16, 0
143, 3, 0
850, 8, 0
311, 10, 2
285, 15, 2
251, 2, 2
85, 28, 2
195, 5, 2
251, 10, 2
360, 8, 1
151, 13, 2
117, 15, 1
355, 5, 1
281, 2, 2
457, 5, 2
157, 19, 0
201, 12, 2
282, 5, 2
286, 22, 0
437, 22, 0
146, 11, 2
261, 6, 0
183, 10, 0
131, 10, 1
253, 9, 2
94, 18, 1
71, 1, 2
43, 22, 2
92, 8, 0
358, 4, 1
322, 11, 0
243, 12, 0
68, 22, 2
187, 21, 1
298, 8, 0
187, 8, 2
0, 9, 1
672, 12, 2
286, 0, 2
421, 6, 0
132, 23, 2
223, 6, 0
386, 14, 2
364, 25, 2
122, 12, 2
85, 5, 2
274, 3, 1
394, 2, 0
375, 12, 2
272, 10, 0
220, 2, 0
422, 13, 1
7, 17, 1
87, 2, 0
398, 15, 2
436, 20, 2
169, 7, 0
69, 4, 2
345, 7, 2
29, 2, 1
133, 5, 2
205, 9, 1
422, 10, 1
269, 26, 1
190, 15, 2
37, 10, 0
337, 3, 0
207, 16, 2
242, 16, 0
30, 15, 0
381, 7, 0
356, 18, 1
279, 1, 0
104, 20, 0
582, 3, 2
463, 8, 1
288, 10, 1
392, 6, 1
23, 3, 2
300, 7, 1
317, 23, 2
256, 6, 0
138, 4, 2


294, 15, 0
168, 23, 2
62, 14, 2
186, 2, 1
9, 11, 0
794, 27, 1
75, 20, 1
281, 14, 2
226, 9, 2
88, 11, 0
243, 12, 1
371, 8, 0
728, 15, 1
217, 7, 0
403, 24, 2
278, 12, 2
408, 16, 0
321, 5, 2
11, 25, 0
393, 13, 2
422, 11, 0
363, 26, 0
253, 2, 2
351, 15, 0
172, 13, 0
28, 14, 2
434, 27, 1
19, 9, 1
128, 12, 0
63, 4, 2
46, 0, 0
113, 0, 2
287, 24, 0
186, 6, 0
19, 0, 1
338, 4, 2
84, 3, 1
260, 4, 0
317, 2, 0
205, 6, 0
131, 10, 1
449, 19, 0
294, 20, 0
136, 24, 0
132, 19, 1
141, 5, 2
412, 2, 2
129, 4, 0
196, 15, 0
6, 11, 2
209, 4, 0
331, 14, 0
161, 8, 0
154, 3, 0
672, 12, 2
101, 0, 2
37, 11, 1
304, 2, 0
347, 11, 2
386, 14, 2
90, 23, 2
7, 8, 1
621, 24, 2
323, 14, 0
202, 28, 2
205, 15, 2
390, 20, 1
677, 27, 0
431, 10, 1
110, 13, 2
881, 12, 0
168, 21, 1
332, 16, 2
115, 25, 2
69, 4, 2
187, 25, 0
538, 27, 1
419, 2, 1
176, 0, 1
446, 16, 1
181, 17, 0
22, 16, 1
309, 11, 1
255, 4, 2
121, 12, 2
363, 4, 1
425, 8, 1
58, 17, 2
213, 11, 1
326, 7, 2
139, 10, 2
421, 5, 1
247, 25, 1
36, 2, 2
371, 0, 2
307, 3, 2
328, 27, 0
313, 20, 2
408, 1, 0
642, 23, 0


183, 4, 2
163, 7, 2
110, 19, 2
293, 0, 1
33, 14, 2
116, 3, 0
882, 21, 1
173, 13, 0
770, 11, 1
99, 5, 1
433, 10, 1
298, 11, 0
606, 2, 0
209, 5, 0
95, 25, 2
312, 19, 1
7, 13, 2
222, 19, 2
334, 15, 0
34, 7, 2
50, 13, 0
285, 15, 2
247, 11, 2
54, 19, 0
317, 15, 2
172, 18, 1
42, 18, 1
37, 19, 0
83, 7, 1
105, 6, 2
18, 12, 2
298, 2, 2
339, 8, 0
177, 14, 1
282, 5, 2
286, 22, 0
27, 16, 0
146, 11, 2
35, 6, 0
241, 15, 2
131, 10, 1
308, 6, 1
21, 25, 0
152, 7, 1
352, 25, 2
92, 8, 0
358, 4, 1
283, 8, 2
243, 12, 0
68, 22, 2
193, 16, 1
236, 22, 2
187, 8, 2
0, 9, 1
672, 12, 2
286, 0, 2
431, 7, 0
132, 23, 2
213, 14, 2
386, 14, 2
252, 14, 0
122, 12, 2
384, 6, 0
274, 3, 1
324, 1, 1
447, 18, 2
272, 10, 0
220, 2, 0
422, 13, 1
7, 17, 1
87, 2, 0
398, 15, 2
398, 11, 0
169, 7, 0
69, 4, 2
345, 7, 2
29, 2, 1
133, 5, 2
205, 9, 1
45, 6, 1
269, 26, 1
366, 20, 0
37, 10, 0
337, 3, 0
207, 16, 2
339, 19, 2
268, 13, 1
409, 17, 2
128, 11, 1
279, 1, 0
104, 20, 0
582, 3, 2
463, 8, 1
288, 10, 1
392, 6, 1
23, 3, 2
317, 2, 2
317, 23, 2
256, 6, 0
138, 4, 2


241, 29, 0
106, 24, 0
134, 21, 2
63, 21, 0
87, 19, 0
47, 4, 1
82, 16, 0
87, 12, 1
19, 16, 0
155, 5, 1
247, 19, 1
746, 9, 0
606, 2, 0
342, 4, 2
520, 27, 2
335, 13, 0
236, 12, 1
166, 16, 0
121, 21, 2
850, 8, 0
120, 9, 1
144, 17, 1
832, 14, 1
144, 8, 2
4, 7, 0
565, 13, 1
187, 19, 2
232, 14, 1
165, 13, 0
78, 14, 0
51, 14, 2
218, 9, 0
409, 14, 2
730, 6, 1
884, 11, 0
111, 10, 0
320, 3, 1
202, 9, 2
309, 12, 1
103, 6, 0
128, 6, 0
60, 23, 2
255, 6, 1
189, 0, 2
328, 11, 0
191, 20, 1
791, 5, 1
399, 20, 1
334, 23, 0
104, 8, 0
111, 1, 0
257, 15, 0
238, 17, 1
538, 2, 2
385, 16, 2
210, 16, 2
172, 7, 1
420, 18, 1
211, 12, 2
0, 4, 0
361, 9, 2
433, 4, 2
153, 2, 1
656, 25, 2
360, 15, 2
330, 9, 2
515, 14, 0
75, 0, 0
145, 0, 2
168, 27, 2
382, 4, 2
413, 8, 0
414, 11, 1
377, 24, 1
70, 9, 2
301, 24, 1
362, 25, 1
99, 12, 2
59, 12, 2
380, 21, 2
276, 20, 1
24, 23, 1
43, 10, 1
83, 20, 2
175, 1, 2
437, 3, 0
705, 22, 2
31, 7, 1
92, 7, 1
49, 6, 2
208, 6, 1
62, 0, 2
217, 7, 2
8, 26, 0
247, 12, 2
708, 14, 2
183, 19, 1
284, 15, 2
369, 8, 2
215, 9, 1


430, 13, 2
211, 4, 0
376, 3, 0
180, 3, 2
142, 1, 2
312, 2, 2
161, 4, 1
210, 12, 0
186, 1, 2
8, 5, 1
289, 16, 1
173, 8, 0
606, 2, 0
446, 7, 0
368, 6, 1
318, 12, 2
96, 5, 1
10, 20, 0
147, 16, 1
393, 13, 2
256, 11, 2
434, 10, 1
34, 3, 1
70, 6, 0
93, 6, 1
97, 0, 1
189, 16, 1
19, 9, 1
0, 12, 0
290, 5, 2
85, 2, 2
167, 13, 2
304, 15, 2
265, 25, 2
65, 0, 2
46, 14, 1
441, 19, 0
292, 10, 1
146, 5, 0
399, 7, 1
131, 10, 1
455, 13, 1
265, 7, 0
136, 24, 0
69, 15, 1
228, 10, 1
412, 2, 2
322, 11, 0
136, 2, 0
23, 14, 1
101, 27, 2
89, 5, 1
161, 8, 0
161, 10, 2
672, 12, 2
286, 0, 2
25, 19, 0
69, 18, 0
347, 11, 2
386, 14, 2
90, 23, 2
221, 9, 2
621, 24, 2
105, 22, 1
119, 4, 2
205, 15, 2
65, 15, 1
169, 14, 2
418, 17, 0
7, 17, 1
58, 26, 0
398, 15, 2
335, 21, 2
135, 7, 1
109, 16, 0
148, 13, 1
719, 23, 2
280, 10, 1
216, 26, 0
99, 13, 0
27, 13, 2
232, 11, 2
275, 14, 1
372, 5, 2
33, 17, 0
111, 20, 0
811, 27, 1
160, 13, 2
74, 18, 0
192, 4, 1
273, 11, 1
271, 4, 1
241, 18, 0
125, 13, 2
122, 12, 0
708, 14, 2
267, 14, 2
222, 22, 1
889, 6, 0
394, 5, 1


183, 4, 2
236, 4, 1
110, 19, 2
34, 0, 0
33, 14, 2
188, 2, 0
882, 21, 1
421, 14, 0
770, 11, 1
99, 5, 1
433, 10, 1
298, 11, 0
606, 2, 0
209, 5, 0
95, 25, 2
312, 19, 1
7, 13, 2
28, 19, 2
334, 15, 0
34, 7, 2
50, 13, 0
285, 15, 2
247, 11, 2
54, 19, 0
317, 15, 2
172, 18, 1
41, 9, 0
37, 19, 0
83, 7, 1
105, 6, 2
18, 12, 2
158, 20, 0
339, 8, 0
265, 25, 2
140, 16, 0
167, 8, 2
169, 23, 0
91, 3, 1
412, 17, 2
40, 8, 0
131, 10, 1
122, 6, 1
255, 3, 0
62, 6, 1
275, 13, 1
228, 10, 1
57, 14, 0
346, 21, 2
285, 4, 2
270, 8, 1
148, 24, 1
281, 7, 0
428, 12, 1
184, 20, 1
64, 20, 0
258, 7, 2
252, 26, 0
383, 27, 2
137, 7, 1
152, 14, 2
418, 15, 1
385, 5, 1
64, 1, 1
64, 29, 2
89, 13, 2
210, 8, 1
157, 1, 0
361, 25, 0
223, 6, 2
448, 10, 2
77, 19, 2
284, 12, 1
265, 29, 2
323, 12, 0
424, 23, 0
391, 20, 0
268, 4, 0
129, 11, 0
644, 10, 0
446, 10, 0
6, 19, 1
245, 9, 2
138, 15, 2
322, 2, 2
201, 13, 2
369, 19, 2
631, 17, 1
250, 13, 1
380, 20, 0
19, 7, 2
344, 5, 0
33, 3, 0
239, 1, 2
51, 5, 1
842, 23, 1
230, 0, 1
172, 12, 1
76, 4, 0
328, 4, 1
397, 11, 0


38, 20, 1
266, 7, 0
74, 28, 2
162, 6, 2
6, 12, 1
212, 1, 0
371, 6, 1
96, 16, 0
240, 27, 0
38, 12, 2
362, 18, 2
173, 8, 0
230, 2, 0
291, 11, 1
368, 6, 1
47, 3, 0
96, 5, 1
10, 20, 0
11, 25, 0
393, 13, 2
86, 15, 2
363, 26, 0
117, 12, 2
351, 15, 0
172, 13, 0
28, 14, 2
434, 27, 1
19, 9, 1
128, 12, 0
63, 4, 2
85, 2, 2
113, 0, 2
287, 24, 0
186, 6, 0
219, 11, 0
338, 4, 2
120, 28, 1
259, 14, 1
106, 4, 0
205, 6, 0
131, 10, 1
449, 19, 0
294, 20, 0
136, 24, 0
132, 19, 1
141, 5, 2
412, 2, 2
129, 4, 0
243, 12, 0
6, 11, 2
145, 17, 1
331, 14, 0
161, 8, 0
163, 4, 2
672, 12, 2
101, 0, 2
37, 11, 1
304, 2, 0
347, 11, 2
386, 14, 2
90, 23, 2
7, 8, 1
621, 24, 2
323, 14, 0
202, 28, 2
205, 15, 2
390, 20, 1
677, 27, 0
157, 20, 2
110, 13, 2
881, 12, 0
155, 1, 2
410, 24, 2
115, 25, 2
69, 4, 2
405, 2, 2
538, 27, 1
365, 11, 0
176, 0, 1
179, 11, 2
44, 28, 0
22, 16, 1
309, 11, 1
255, 4, 2
53, 28, 0
436, 14, 1
425, 8, 1
269, 14, 1
13, 1, 2
326, 7, 2
139, 10, 2
53, 7, 2
445, 2, 2
242, 7, 1
212, 6, 2
307, 3, 2
197, 12, 2
313, 20, 2
408, 1, 0
642, 23, 0


183, 4, 2
236, 4, 1
110, 19, 2
357, 16, 2
72, 18, 2
188, 2, 0
882, 21, 1
179, 11, 0
770, 11, 1
86, 12, 0
433, 10, 1
298, 11, 0
606, 2, 0
209, 5, 0
520, 27, 2
312, 19, 1
108, 7, 0
28, 19, 2
246, 7, 0
137, 2, 2
256, 11, 2
285, 15, 2
247, 11, 2
118, 14, 2
64, 8, 1
615, 3, 1
65, 3, 1
26, 10, 0
147, 4, 1
105, 6, 2
18, 12, 2
457, 5, 2
167, 24, 0
265, 25, 2
140, 16, 0
167, 8, 2
411, 20, 0
198, 11, 1
412, 17, 2
40, 8, 0
131, 10, 1
152, 22, 2
255, 3, 0
153, 6, 2
359, 5, 1
228, 10, 1
57, 14, 0
346, 21, 2
285, 4, 2
270, 8, 1
388, 17, 0
281, 7, 0
5, 1, 2
184, 20, 1
64, 20, 0
272, 0, 1
252, 26, 0
383, 27, 2
187, 12, 0
232, 23, 1
418, 15, 1
385, 5, 1
64, 1, 1
130, 22, 1
89, 13, 2
210, 8, 1
4, 1, 0
361, 25, 0
223, 6, 2
448, 10, 2
188, 11, 1
284, 12, 1
265, 29, 2
323, 12, 0
176, 13, 0
405, 2, 2
538, 27, 1
372, 5, 1
324, 2, 1
29, 14, 1
630, 17, 0
205, 28, 0
195, 4, 1
224, 1, 2
279, 20, 0
734, 19, 1
64, 16, 2
378, 15, 2
398, 24, 0
520, 8, 0
317, 17, 1
398, 4, 1
36, 17, 1
598, 14, 1
246, 23, 0
708, 14, 2
347, 8, 2
109, 23, 2
282, 18, 0
71, 3, 0


241, 29, 0
106, 24, 0
134, 21, 2
63, 21, 0
87, 19, 0
47, 4, 1
882, 21, 1
87, 12, 1
402, 19, 1
155, 5, 1
247, 19, 1
746, 9, 0
606, 2, 0
342, 4, 2
520, 27, 2
312, 19, 1
168, 6, 1
166, 16, 0
121, 21, 2
850, 8, 0
120, 9, 1
259, 7, 2
832, 14, 1
144, 8, 2
4, 7, 0
565, 13, 1
187, 19, 2
232, 14, 1
165, 13, 0
366, 11, 1
51, 14, 2
218, 9, 0
409, 14, 2
730, 6, 1
884, 11, 0
111, 10, 0
320, 3, 1
202, 9, 2
95, 4, 2
103, 6, 0
128, 6, 0
60, 23, 2
255, 6, 1
189, 0, 2
328, 11, 0
191, 20, 1
791, 5, 1
399, 20, 1
334, 23, 0
104, 8, 0
111, 1, 0
257, 15, 0
238, 17, 1
538, 2, 2
385, 16, 2
210, 16, 2
64, 5, 2
420, 18, 1
211, 12, 2
0, 4, 0
361, 9, 2
433, 4, 2
153, 2, 1
656, 25, 2
360, 15, 2
432, 14, 2
515, 14, 0
427, 2, 2
145, 0, 2
446, 18, 1
382, 4, 2
410, 10, 0
414, 11, 1
377, 24, 1
70, 9, 2
301, 24, 1
362, 25, 1
278, 13, 2
179, 11, 1
299, 17, 0
283, 20, 1
219, 11, 2
87, 5, 2
438, 19, 1
135, 17, 1
272, 9, 0
306, 11, 1
123, 12, 2
392, 3, 0
125, 8, 2
18, 11, 1
426, 1, 2
458, 25, 0
598, 10, 1
346, 20, 1
181, 5, 2
41, 8, 1
16, 27, 2
224, 11, 2
12, 0, 1


195, 24, 1
236, 8, 2
25, 29, 2
63, 21, 0
87, 19, 0
359, 7, 2
882, 21, 1
335, 10, 1
41, 14, 0
156, 10, 0
650, 20, 0
746, 9, 0
606, 2, 0
183, 5, 1
50, 11, 0
443, 12, 2
400, 6, 1
166, 16, 0
477, 11, 2
150, 16, 1
120, 9, 1
390, 17, 0
135, 4, 2
159, 17, 2
310, 3, 1
73, 5, 2
190, 27, 1
434, 11, 0
80, 4, 1
355, 5, 1
126, 3, 2
122, 9, 0
152, 23, 2
265, 25, 2
763, 1, 2
46, 14, 1
333, 15, 0
109, 11, 2
164, 5, 1
749, 16, 2
131, 10, 1
455, 13, 1
202, 10, 0
184, 29, 0
318, 14, 1
19, 5, 2
412, 2, 2
445, 17, 1
390, 28, 0
60, 18, 2
262, 11, 2
663, 21, 0
142, 25, 0
184, 20, 1
12, 8, 1
187, 15, 2
252, 26, 0
30, 14, 2
638, 2, 1
208, 29, 2
434, 20, 2
236, 18, 2
2, 14, 2
133, 18, 2
260, 13, 1
320, 5, 1
413, 7, 0
208, 19, 1
319, 13, 1
254, 21, 0
353, 29, 2
758, 24, 1
287, 15, 0
146, 9, 2
358, 19, 0
279, 26, 1
130, 11, 0
70, 3, 0
246, 14, 2
219, 17, 1
353, 28, 0
367, 8, 1
373, 13, 2
178, 18, 0
170, 7, 2
395, 23, 2
280, 10, 0
316, 21, 2
173, 26, 2
128, 9, 0
113, 6, 1
217, 5, 0
288, 2, 2
13, 8, 2
69, 18, 2
73, 3, 0
86, 16, 0
123, 18, 0
69, 11, 1
642, 23, 0


441, 2, 2
226, 17, 1
34, 18, 2
358, 1, 0
205, 2, 1
88, 1, 0
882, 21, 1
384, 5, 2
103, 20, 1
418, 3, 1
199, 29, 1
95, 24, 1
147, 10, 2
46, 3, 2
305, 21, 2
165, 7, 0
175, 6, 2
238, 6, 2
217, 22, 1
173, 23, 2
61, 6, 1
186, 25, 0
203, 2, 1
334, 16, 2
370, 1, 2
266, 21, 0
5, 12, 2
121, 20, 1
128, 12, 0
352, 13, 1
85, 2, 2
113, 0, 2
287, 24, 0
288, 8, 0
53, 3, 2
137, 12, 2
451, 28, 0
259, 14, 1
377, 12, 1
73, 6, 0
156, 2, 2
303, 24, 0
197, 3, 0
183, 6, 2
82, 11, 0
118, 13, 0
107, 0, 2
322, 11, 0
243, 12, 0
441, 21, 2
125, 26, 2
307, 18, 2
428, 12, 1
184, 20, 1
191, 9, 2
258, 7, 2
19, 11, 0
383, 27, 2
80, 17, 1
220, 16, 0
418, 15, 1
385, 5, 1
247, 6, 0
242, 23, 0
96, 1, 1
277, 4, 0
304, 6, 1
361, 25, 0
405, 13, 0
160, 9, 1
263, 20, 1
405, 4, 0
239, 17, 2
405, 10, 2
424, 23, 0
277, 18, 0
82, 1, 2
129, 11, 0
644, 10, 0
355, 12, 1
6, 19, 1
436, 20, 0
355, 3, 1
257, 9, 2
288, 0, 2
204, 9, 2
351, 22, 1
161, 8, 0
169, 13, 1
19, 7, 2
344, 5, 0
33, 3, 0
83, 5, 2
21, 8, 1
309, 13, 0
177, 3, 0
358, 10, 0
121, 16, 1
153, 3, 1
307, 7, 1


183, 4, 2
158, 18, 0
110, 19, 2
84, 12, 2
72, 18, 2
188, 2, 0
882, 21, 1
97, 2, 2
413, 13, 0
67, 6, 0
79, 21, 2
139, 19, 0
606, 2, 0
209, 5, 0
8, 16, 0
83, 13, 1
162, 28, 0
190, 7, 2
170, 25, 1
198, 15, 1
201, 24, 2
236, 28, 0
13, 13, 0
18, 19, 2
424, 10, 0
438, 22, 0
271, 17, 2
183, 16, 2
407, 12, 2
21, 2, 0
241, 7, 0
457, 5, 2
118, 19, 0
370, 4, 2
763, 1, 2
46, 14, 1
117, 28, 1
384, 20, 1
23, 13, 1
169, 7, 0
240, 4, 1
251, 13, 0
255, 3, 0
136, 24, 0
26, 11, 2
729, 27, 1
50, 6, 0
328, 13, 2
156, 24, 0
73, 7, 0
190, 17, 1
347, 1, 2
89, 2, 2
73, 21, 2
145, 28, 2
129, 0, 0
257, 5, 1
218, 9, 0
339, 12, 2
72, 9, 1
153, 2, 1
292, 2, 1
34, 5, 0
393, 5, 2
336, 11, 1
320, 5, 1
66, 16, 1
208, 19, 1
32, 6, 1
217, 4, 0
353, 29, 2
758, 24, 1
165, 4, 0
146, 9, 2
11, 27, 1
279, 26, 1
211, 25, 0
370, 13, 0
343, 2, 2
260, 9, 1
236, 14, 0
202, 12, 1
298, 5, 1
127, 11, 1
243, 14, 2
9, 14, 2
266, 21, 1
316, 21, 2
173, 26, 2
332, 4, 1
113, 6, 1
131, 7, 2
288, 2, 2
13, 8, 2
52, 9, 0
51, 4, 2
376, 10, 2
331, 16, 0
116, 8, 0
642, 23, 0


434, 8, 1
285, 3, 1
309, 14, 0
37, 0, 2
5, 4, 0
240, 8, 0
342, 9, 0
42, 5, 2
103, 20, 1
308, 9, 2
119, 12, 1
95, 24, 1
263, 7, 1
214, 1, 1
217, 15, 0
25, 8, 0
9, 1, 0
231, 0, 0
286, 22, 0
100, 1, 1
423, 8, 1
314, 13, 2
832, 14, 1
273, 13, 0
18, 1, 0
93, 13, 1
330, 28, 1
232, 14, 1
166, 12, 0
104, 5, 0
222, 18, 2
183, 15, 1
133, 14, 0
295, 0, 1
269, 8, 1
111, 10, 0
17, 8, 2
178, 12, 2
221, 8, 1
352, 21, 1
281, 23, 0
390, 16, 1
436, 22, 1
189, 0, 2
83, 7, 1
324, 14, 0
412, 2, 2
436, 9, 0
243, 12, 0
200, 18, 0
145, 17, 1
331, 14, 0
161, 8, 0
161, 10, 2
403, 16, 1
286, 0, 2
198, 15, 2
55, 23, 1
347, 5, 2
386, 14, 2
148, 9, 2
148, 2, 1
621, 24, 2
407, 21, 2
372, 7, 2
68, 10, 0
390, 14, 2
228, 5, 2
209, 13, 0
256, 7, 1
881, 12, 0
201, 14, 1
335, 21, 2
38, 13, 1
57, 7, 1
31, 5, 1
87, 1, 1
252, 5, 2
272, 19, 1
233, 15, 2
181, 1, 2
606, 25, 0
434, 0, 1
100, 10, 0
83, 15, 2
12, 12, 2
136, 23, 0
226, 22, 2
396, 14, 1
132, 8, 1
335, 24, 1
258, 1, 0
445, 7, 2
74, 8, 1
87, 8, 0
364, 3, 2
246, 4, 1
57, 26, 2
366, 14, 0
160, 0, 0


441, 2, 2
226, 17, 1
63, 28, 2
358, 1, 0
5, 4, 0
218, 4, 0
882, 21, 1
384, 5, 2
103, 20, 1
146, 16, 0
199, 29, 1
95, 24, 1
396, 16, 1
46, 3, 2
47, 24, 2
165, 7, 0
175, 6, 2
238, 6, 2
237, 4, 2
173, 23, 2
61, 6, 1
186, 25, 0
663, 11, 1
190, 10, 0
310, 3, 1
119, 23, 1
413, 10, 0
253, 2, 0
354, 15, 2
76, 10, 2
344, 5, 0
118, 4, 1
377, 14, 1
382, 7, 1
21, 4, 2
129, 13, 0
397, 28, 1
303, 11, 1
73, 9, 1
117, 4, 0
11, 5, 0
455, 13, 1
30, 10, 0
419, 26, 0
283, 16, 1
729, 27, 1
305, 6, 0
219, 11, 0
156, 24, 0
324, 13, 1
358, 18, 2
269, 6, 1
115, 12, 0
140, 10, 1
187, 18, 0
195, 6, 0
183, 8, 0
122, 9, 0
339, 12, 2
111, 4, 1
446, 16, 2
595, 25, 2
50, 8, 0
198, 14, 0
123, 4, 0
337, 14, 2
4, 1, 0
677, 27, 0
161, 4, 2
348, 14, 1
432, 11, 2
259, 7, 2
429, 0, 0
405, 21, 2
290, 26, 0
420, 12, 2
129, 3, 1
246, 21, 1
105, 26, 2
47, 11, 0
22, 25, 0
64, 12, 2
84, 15, 2
399, 4, 0
321, 29, 1
89, 9, 2
9, 15, 2
290, 3, 2
139, 22, 0
115, 20, 0
436, 8, 0
154, 16, 0
230, 18, 0
336, 21, 1
22, 13, 1
172, 1, 0
84, 24, 2
229, 10, 2
211, 11, 2
106, 1, 1


172, 0, 1
361, 3, 2
376, 3, 0
165, 15, 1
88, 1, 0
115, 1, 2
882, 21, 1
167, 10, 0
186, 1, 2
7, 6, 1
402, 23, 2
35, 23, 0
606, 2, 0
799, 8, 2
520, 27, 2
312, 19, 1
96, 5, 1
8, 1, 0
220, 14, 2
309, 7, 1
66, 11, 0
343, 29, 0
94, 12, 2
428, 15, 0
177, 6, 1
147, 21, 0
765, 10, 0
183, 15, 0
11, 17, 0
269, 5, 1
18, 12, 2
270, 15, 1
118, 19, 0
422, 10, 1
763, 1, 2
46, 14, 1
411, 20, 0
198, 11, 1
244, 5, 1
241, 13, 0
135, 2, 2
5, 14, 0
120, 6, 0
136, 24, 0
318, 14, 1
52, 13, 0
79, 5, 2
439, 21, 0
440, 2, 2
267, 18, 1
150, 4, 1
281, 7, 0
161, 8, 0
161, 10, 2
160, 11, 0
59, 12, 0
252, 26, 0
128, 23, 1
371, 8, 2
324, 4, 0
90, 23, 2
220, 4, 0
621, 24, 2
32, 27, 2
89, 13, 2
205, 15, 2
4, 1, 0
71, 15, 1
274, 13, 1
265, 17, 2
432, 11, 2
259, 7, 2
203, 23, 2
426, 17, 0
226, 12, 2
173, 29, 0
210, 4, 2
41, 17, 2
202, 18, 2
136, 18, 1
441, 27, 1
377, 23, 1
364, 11, 0
615, 17, 0
385, 13, 0
889, 8, 1
103, 13, 1
323, 16, 2
390, 15, 1
23, 16, 1
124, 5, 2
273, 6, 1
395, 19, 0
48, 7, 0
256, 2, 1
17, 3, 1
289, 8, 0
248, 14, 2
126, 9, 2
242, 3, 2


15, 2, 1
284, 14, 1
110, 19, 2
85, 2, 1
296, 0, 2
389, 4, 0
882, 21, 1
99, 7, 0
30, 1, 1
34, 13, 2
650, 20, 0
746, 9, 0
728, 15, 1
217, 7, 0
97, 21, 1
149, 12, 2
265, 23, 0
321, 5, 2
278, 24, 1
171, 16, 1
157, 4, 0
662, 11, 0
653, 16, 1
321, 10, 2
84, 1, 1
45, 18, 0
259, 18, 1
215, 21, 0
146, 18, 2
46, 4, 0
448, 18, 1
148, 17, 1
130, 9, 2
333, 9, 2
884, 11, 0
296, 14, 0
201, 12, 1
8, 10, 2
36, 13, 1
257, 25, 0
393, 25, 2
274, 10, 2
191, 15, 1
145, 10, 0
112, 13, 2
324, 14, 0
184, 17, 1
390, 1, 0
17, 13, 0
133, 12, 0
375, 10, 2
95, 7, 2
119, 28, 0
49, 3, 1
127, 5, 1
268, 1, 2
64, 5, 2
417, 11, 2
433, 13, 1
229, 14, 0
449, 14, 1
202, 2, 1
153, 2, 1
182, 0, 1
60, 18, 0
239, 1, 1
515, 14, 0
262, 2, 0
368, 6, 1
360, 5, 1
349, 10, 1
238, 7, 2
433, 19, 2
426, 6, 0
17, 19, 1
264, 13, 1
254, 2, 0
282, 2, 1
187, 9, 2
80, 12, 0
333, 17, 1
94, 9, 2
311, 28, 2
149, 23, 1
200, 14, 0
721, 2, 0
383, 19, 2
233, 8, 1
351, 28, 0
66, 12, 0
89, 14, 0
240, 3, 2
334, 23, 1
394, 11, 2
25, 9, 1
51, 0, 0
245, 24, 2
445, 5, 2
117, 21, 2
682, 11, 1


241, 29, 0
106, 24, 0
134, 21, 2
63, 21, 0
87, 19, 0
47, 4, 1
417, 22, 2
87, 12, 1
296, 19, 0
155, 5, 1
247, 19, 1
27, 15, 0
606, 2, 0
194, 3, 2
520, 27, 2
335, 13, 0
196, 2, 2
227, 1, 0
121, 21, 2
850, 8, 0
120, 9, 1
144, 17, 1
832, 14, 1
144, 8, 2
328, 5, 2
565, 13, 1
187, 19, 2
232, 14, 1
165, 13, 0
78, 14, 0
51, 14, 2
218, 9, 0
389, 8, 0
295, 0, 1
269, 8, 1
111, 10, 0
195, 18, 0
178, 12, 2
141, 13, 1
384, 10, 2
281, 23, 0
336, 19, 2
436, 22, 1
127, 3, 0
83, 7, 1
411, 21, 1
412, 2, 2
317, 13, 2
243, 12, 0
200, 18, 0
308, 4, 0
435, 15, 0
308, 19, 0
59, 10, 2
95, 26, 1
286, 0, 2
198, 15, 2
243, 3, 1
347, 5, 2
279, 3, 0
295, 5, 2
100, 6, 0
621, 24, 2
53, 9, 0
372, 7, 2
278, 8, 2
283, 22, 2
49, 4, 2
318, 14, 0
183, 12, 1
881, 12, 0
201, 14, 1
335, 21, 2
38, 13, 1
402, 22, 0
45, 22, 0
333, 4, 1
252, 5, 2
169, 22, 2
82, 26, 1
20, 26, 0
606, 25, 0
434, 0, 1
100, 10, 0
263, 10, 2
12, 12, 2
370, 18, 1
226, 22, 2
396, 14, 1
40, 14, 1
335, 24, 1
258, 1, 0
445, 7, 2
31, 5, 1
87, 8, 0
364, 3, 2
290, 8, 1
57, 26, 2
366, 14, 0
160, 0, 0


241, 29, 0
236, 8, 2
429, 17, 2
187, 15, 1
87, 19, 0
359, 7, 2
222, 8, 2
96, 16, 0
154, 17, 0
38, 12, 2
171, 22, 2
296, 21, 0
160, 12, 0
241, 15, 1
228, 23, 1
83, 9, 1
96, 5, 1
24, 7, 1
11, 25, 0
393, 13, 2
256, 11, 2
159, 26, 0
117, 12, 2
351, 15, 0
279, 1, 1
182, 13, 0
16, 17, 0
445, 3, 1
414, 3, 1
318, 5, 2
38, 3, 2
113, 0, 2
29, 25, 1
207, 20, 2
196, 10, 0
33, 15, 0
72, 5, 1
343, 9, 1
106, 4, 0
185, 11, 1
286, 4, 2
249, 14, 0
135, 16, 1
298, 17, 1
236, 14, 1
52, 19, 0
412, 2, 2
128, 7, 2
87, 14, 1
178, 12, 2
145, 17, 1
331, 14, 0
438, 21, 1
210, 0, 1
672, 12, 2
424, 3, 1
388, 9, 1
364, 11, 1
245, 11, 1
386, 14, 2
364, 6, 0
7, 8, 1
151, 1, 2
161, 3, 0
115, 23, 0
25, 2, 0
390, 20, 1
677, 27, 0
53, 9, 1
110, 13, 2
881, 12, 0
91, 11, 1
335, 21, 2
280, 10, 2
69, 4, 2
283, 11, 1
148, 5, 1
226, 6, 2
209, 5, 2
409, 17, 0
261, 24, 1
309, 20, 0
205, 4, 2
351, 3, 0
5, 14, 0
184, 19, 0
43, 8, 2
4, 0, 1
13, 1, 2
326, 7, 2
139, 10, 2
118, 1, 0
322, 12, 2
327, 6, 1
212, 6, 2
307, 3, 2
403, 25, 2
15, 18, 1
211, 15, 0
251, 11, 1


241, 29, 0
264, 7, 2
128, 19, 1
63, 21, 0
87, 19, 0
359, 7, 2
882, 21, 1
241, 9, 1
6, 17, 0
326, 7, 2
650, 20, 0
317, 4, 1
270, 17, 2
124, 10, 1
182, 8, 0
428, 8, 2
302, 7, 1
185, 17, 0
12, 19, 2
176, 8, 1
428, 20, 1
274, 25, 1
110, 15, 2
222, 9, 2
426, 0, 1
293, 18, 1
133, 17, 2
34, 10, 1
21, 0, 2
443, 9, 1
34, 18, 1
375, 17, 2
263, 4, 0
385, 18, 1
70, 7, 0
298, 14, 1
310, 12, 2
110, 13, 2
199, 6, 1
233, 1, 2
56, 8, 1
232, 15, 1
670, 20, 1
90, 5, 1
42, 20, 1
270, 21, 0
213, 18, 1
438, 9, 2
140, 9, 0
48, 16, 2
239, 16, 1
1, 10, 2
272, 7, 2
91, 5, 0
338, 20, 2
147, 12, 2
206, 5, 0
212, 17, 2
339, 12, 2
228, 2, 1
153, 2, 1
105, 4, 1
34, 5, 0
141, 2, 2
260, 13, 1
320, 5, 1
346, 4, 1
208, 19, 1
406, 9, 2
217, 4, 0
353, 29, 2
758, 24, 1
425, 10, 0
146, 9, 2
358, 19, 0
87, 13, 1
281, 8, 0
140, 13, 0
84, 23, 0
373, 5, 2
242, 12, 2
172, 20, 0
378, 4, 2
163, 8, 1
290, 13, 0
306, 8, 0
203, 19, 0
388, 0, 1
351, 10, 1
429, 6, 0
300, 4, 2
51, 10, 0
346, 6, 2
66, 10, 2
436, 20, 0
172, 1, 0
74, 17, 1
412, 24, 0
189, 3, 0
169, 5, 0


889, 18, 2
481, 21, 2
346, 8, 0
12, 6, 1
260, 19, 1
517, 27, 0
144, 4, 1
52, 10, 0
602, 2, 2
107, 12, 0
263, 23, 2
191, 24, 0
50, 21, 1
157, 10, 0
369, 10, 2
128, 20, 0
407, 14, 0
72, 9, 0
386, 13, 0
243, 8, 2
409, 16, 0
81, 13, 0
770, 16, 1
241, 17, 2
237, 6, 2
565, 13, 1
315, 6, 0
49, 19, 1
401, 17, 1
449, 10, 0
108, 17, 2
182, 17, 1
263, 4, 0
225, 2, 0
199, 9, 2
140, 9, 1
18, 12, 1
63, 0, 0
545, 7, 1
185, 6, 2
252, 3, 1
528, 16, 1
130, 10, 1
504, 25, 1
379, 4, 0
441, 9, 1
274, 7, 2
33, 2, 0
212, 4, 1
246, 15, 0
142, 17, 0
199, 25, 1
459, 7, 0
420, 6, 2
39, 1, 0
380, 1, 0
177, 8, 0
210, 10, 1
433, 13, 1
229, 14, 0
739, 2, 1
6, 5, 2
269, 3, 1
261, 12, 1
630, 27, 2
281, 1, 0
686, 8, 1
115, 4, 0
195, 8, 0
118, 19, 0
881, 12, 0
260, 10, 2
290, 29, 2
321, 13, 0
208, 26, 1
769, 23, 1
175, 0, 2
359, 7, 1
139, 10, 0
23, 9, 1
273, 12, 2
178, 22, 0
213, 11, 0
57, 2, 1
363, 3, 2
148, 25, 2
28, 24, 0
296, 6, 0
398, 3, 0
48, 4, 0
425, 13, 2
247, 4, 1
62, 19, 1
429, 10, 1
282, 14, 0
123, 3, 2
92, 12, 1
446, 16, 0
248, 11, 2
354, 0, 0


241, 29, 0
236, 8, 2
429, 17, 2
63, 21, 0
87, 19, 0
359, 7, 2
882, 21, 1
87, 12, 1
41, 14, 0
156, 10, 0
650, 20, 0
746, 9, 0
606, 2, 0
209, 5, 0
520, 27, 2
312, 19, 1
400, 6, 1
166, 16, 0
477, 11, 2
850, 8, 0
120, 9, 1
11, 18, 2
135, 4, 2
159, 17, 2
310, 3, 1
73, 5, 2
190, 27, 1
434, 11, 0
80, 4, 1
355, 5, 1
126, 3, 2
211, 8, 1
152, 23, 2
265, 25, 2
763, 1, 2
46, 14, 1
333, 15, 0
532, 14, 2
164, 5, 1
749, 16, 2
131, 10, 1
455, 13, 1
202, 10, 0
136, 24, 0
318, 14, 1
19, 5, 2
412, 2, 2
348, 7, 0
390, 28, 0
60, 18, 2
263, 5, 0
663, 21, 0
106, 29, 1
184, 20, 1
672, 12, 2
182, 11, 2
252, 26, 0
30, 14, 2
638, 2, 1
208, 29, 2
205, 4, 2
236, 18, 2
738, 10, 1
133, 18, 2
98, 8, 2
48, 29, 2
277, 24, 2
268, 7, 2
179, 1, 1
700, 29, 2
158, 9, 1
56, 23, 1
347, 17, 2
179, 15, 1
248, 13, 0
112, 3, 2
181, 2, 1
282, 8, 2
169, 23, 2
769, 25, 0
62, 9, 2
626, 25, 0
244, 0, 1
817, 2, 1
691, 18, 1
221, 11, 0
287, 3, 2
276, 12, 2
371, 5, 2
303, 15, 0
328, 12, 2
833, 28, 0
771, 23, 0
421, 10, 0
525, 25, 0
544, 12, 1
828, 4, 1
203, 18, 0
440, 6, 1
228, 2, 0


132, 0, 2
362, 10, 2
291, 14, 2
63, 21, 0
229, 4, 2
291, 2, 0
108, 5, 1
166, 7, 2
232, 13, 2
261, 19, 1
418, 17, 2
746, 9, 0
43, 5, 0
342, 4, 2
247, 14, 1
278, 8, 2
102, 5, 2
166, 16, 0
477, 11, 2
25, 1, 1
120, 9, 1
110, 11, 1
242, 5, 2
111, 27, 2
244, 9, 2
28, 14, 2
434, 27, 1
116, 8, 0
128, 12, 0
169, 5, 2
85, 2, 2
205, 7, 1
364, 20, 2
186, 6, 0
219, 11, 0
287, 15, 1
120, 28, 1
259, 14, 1
246, 5, 0
205, 6, 0
131, 10, 1
320, 24, 0
414, 11, 2
136, 24, 0
132, 19, 1
141, 5, 2
55, 8, 1
109, 5, 0
435, 1, 0
67, 1, 1
145, 17, 1
206, 27, 1
161, 8, 0
163, 4, 2
672, 12, 2
101, 0, 2
37, 11, 1
304, 2, 0
347, 11, 2
275, 5, 1
412, 10, 1
7, 8, 1
10, 12, 0
233, 1, 2
202, 28, 2
88, 16, 2
390, 20, 1
677, 27, 0
157, 20, 2
417, 2, 0
881, 12, 0
191, 8, 1
232, 8, 0
123, 10, 0
69, 4, 2
405, 2, 2
538, 27, 1
365, 11, 0
176, 0, 1
255, 7, 2
44, 28, 0
22, 16, 1
309, 11, 1
312, 7, 1
366, 24, 1
26, 10, 1
439, 9, 1
269, 14, 1
13, 1, 2
326, 7, 2
139, 10, 2
53, 7, 2
445, 2, 2
226, 10, 0
212, 6, 2
307, 3, 2
197, 12, 2
313, 20, 2
408, 1, 0
642, 23, 0


91, 17, 0
361, 3, 2
376, 3, 0
165, 15, 1
218, 0, 0
222, 19, 1
882, 21, 1
320, 8, 2
185, 9, 1
8, 5, 1
402, 23, 2
173, 8, 0
316, 9, 2
799, 8, 2
520, 27, 2
312, 19, 1
96, 5, 1
166, 16, 0
148, 16, 2
202, 9, 0
256, 11, 2
359, 13, 2
94, 12, 2
295, 15, 2
535, 1, 0
400, 13, 0
240, 3, 1
287, 18, 1
265, 4, 2
124, 8, 2
115, 0, 2
184, 29, 0
338, 16, 1
164, 9, 1
419, 8, 0
25, 16, 0
135, 25, 0
111, 17, 0
118, 9, 2
24, 26, 1
728, 9, 0
295, 4, 1
360, 22, 1
220, 2, 2
189, 6, 2
55, 4, 1
7, 5, 2
113, 12, 2
292, 18, 0
258, 2, 0
358, 18, 2
166, 8, 2
356, 2, 2
76, 26, 0
106, 6, 0
359, 0, 0
219, 10, 1
32, 14, 1
51, 7, 1
352, 16, 0
314, 24, 0
27, 4, 1
437, 9, 0
274, 12, 2
192, 1, 0
4, 13, 0
416, 0, 0
208, 19, 1
551, 25, 0
69, 4, 1
440, 8, 1
349, 9, 1
101, 17, 0
330, 21, 1
273, 21, 1
188, 27, 1
211, 25, 0
106, 23, 2
426, 7, 2
75, 12, 0
447, 8, 2
396, 18, 0
250, 5, 2
103, 16, 2
196, 7, 2
333, 24, 2
705, 22, 2
376, 17, 1
398, 3, 0
283, 8, 2
221, 19, 0
247, 4, 1
82, 22, 0
247, 15, 0
328, 17, 0
708, 14, 2
51, 22, 0
19, 13, 1
889, 6, 0
323, 12, 0


744, 26, 0
157, 7, 2
223, 16, 0
212, 0, 1
178, 5, 1
24, 6, 2
882, 21, 1
42, 5, 2
103, 20, 1
241, 2, 1
169, 18, 0
95, 24, 1
263, 7, 1
214, 1, 1
12, 19, 1
25, 8, 0
115, 4, 1
252, 3, 1
286, 22, 0
137, 2, 2
444, 4, 2
424, 23, 0
94, 12, 2
295, 15, 2
177, 6, 1
97, 0, 1
75, 5, 1
19, 9, 1
354, 15, 2
144, 4, 2
249, 16, 2
457, 5, 2
212, 21, 2
265, 25, 2
123, 8, 2
46, 14, 1
320, 27, 1
198, 11, 1
296, 8, 2
399, 7, 1
131, 10, 1
181, 8, 2
255, 3, 0
136, 24, 0
202, 9, 1
729, 27, 1
251, 7, 2
148, 13, 0
156, 24, 0
325, 15, 2
358, 18, 2
80, 14, 0
433, 9, 0
139, 23, 0
240, 22, 1
289, 5, 0
142, 10, 0
154, 20, 2
339, 12, 2
100, 7, 1
205, 27, 2
595, 25, 2
50, 8, 0
198, 14, 0
638, 13, 1
142, 19, 2
171, 20, 2
369, 9, 0
96, 1, 2
415, 6, 0
32, 17, 1
412, 20, 0
374, 21, 1
167, 9, 1
184, 29, 0
101, 2, 2
305, 1, 2
34, 27, 1
220, 9, 0
7, 8, 0
393, 29, 1
421, 15, 2
267, 7, 2
264, 13, 1
60, 21, 0
83, 11, 2
631, 17, 1
74, 17, 2
8, 17, 2
262, 16, 0
284, 11, 1
582, 3, 2
389, 18, 0
41, 5, 1
392, 11, 0
34, 25, 1
35, 7, 1
193, 18, 2
306, 6, 1
424, 9, 2


183, 4, 2
158, 18, 0
110, 19, 2
357, 16, 2
72, 18, 2
296, 4, 2
882, 21, 1
179, 11, 0
181, 28, 0
86, 12, 0
433, 10, 1
208, 20, 1
606, 2, 0
209, 5, 0
50, 19, 2
83, 13, 1
162, 28, 0
77, 4, 0
170, 25, 1
198, 15, 1
394, 24, 0
14, 21, 1
224, 5, 0
41, 18, 1
18, 1, 0
565, 13, 1
315, 6, 0
117, 22, 2
223, 19, 0
68, 11, 2
279, 16, 1
305, 12, 0
219, 13, 2
18, 5, 0
89, 17, 0
238, 27, 2
69, 14, 0
142, 22, 2
153, 8, 2
257, 25, 0
278, 1, 2
304, 6, 2
134, 11, 0
98, 6, 1
112, 13, 2
25, 7, 1
161, 2, 1
43, 13, 1
334, 23, 0
266, 7, 0
13, 10, 2
161, 19, 2
371, 23, 1
538, 2, 2
247, 15, 2
20, 13, 2
551, 26, 2
307, 15, 0
413, 10, 2
221, 8, 1
219, 26, 2
71, 2, 1
151, 8, 0
112, 28, 2
751, 2, 0
60, 22, 2
412, 15, 0
820, 9, 1
158, 15, 2
333, 13, 0
424, 10, 1
305, 5, 2
290, 16, 2
396, 10, 0
353, 4, 1
833, 2, 2
248, 26, 0
389, 16, 0
361, 6, 1
38, 21, 2
362, 26, 1
202, 12, 1
95, 12, 1
138, 11, 0
260, 21, 0
213, 15, 1
129, 24, 1
316, 21, 2
432, 18, 1
76, 7, 1
113, 6, 1
186, 9, 0
407, 23, 0
376, 5, 0
52, 9, 0
51, 4, 2
419, 4, 2
102, 29, 1
151, 9, 0
78, 21, 1


56, 10, 2
211, 4, 0
376, 3, 0
131, 5, 0
142, 1, 2
222, 19, 1
882, 21, 1
167, 10, 0
186, 1, 2
8, 5, 1
362, 18, 2
173, 8, 0
434, 18, 0
40, 5, 2
409, 7, 1
192, 4, 0
299, 3, 0
28, 20, 2
286, 22, 0
57, 3, 2
304, 10, 2
49, 24, 0
277, 6, 1
218, 14, 1
375, 0, 1
41, 9, 0
123, 5, 0
414, 12, 0
122, 20, 1
242, 17, 0
34, 18, 1
112, 5, 1
263, 4, 0
385, 18, 1
348, 8, 0
105, 9, 2
209, 14, 1
5, 16, 2
545, 7, 1
795, 11, 1
588, 4, 0
67, 8, 1
278, 7, 2
94, 0, 0
76, 14, 1
207, 22, 2
680, 20, 0
33, 2, 0
295, 15, 2
302, 16, 1
342, 13, 0
266, 19, 0
459, 7, 0
196, 4, 0
93, 12, 0
43, 5, 0
87, 24, 2
120, 5, 0
239, 7, 1
229, 14, 0
739, 2, 1
152, 12, 2
128, 7, 0
748, 27, 0
443, 4, 1
250, 0, 1
285, 20, 1
12, 2, 2
306, 29, 0
312, 11, 2
432, 11, 2
259, 7, 2
429, 0, 0
405, 21, 2
250, 10, 1
420, 12, 2
129, 3, 1
246, 21, 1
320, 13, 1
384, 7, 2
82, 14, 0
64, 12, 2
87, 9, 2
615, 17, 0
142, 18, 0
311, 12, 0
111, 17, 0
411, 6, 0
139, 22, 0
23, 16, 1
124, 5, 2
154, 16, 0
7, 12, 2
13, 16, 1
151, 16, 1
172, 1, 0
84, 24, 2
248, 14, 2
16, 16, 0
242, 3, 2


183, 4, 2
171, 3, 1
391, 14, 0
84, 12, 2
157, 5, 1
188, 2, 0
882, 21, 1
97, 2, 2
413, 13, 0
286, 22, 0
79, 21, 2
16, 22, 1
221, 20, 0
209, 5, 0
8, 16, 0
83, 13, 1
162, 28, 0
190, 7, 2
297, 29, 1
198, 15, 1
201, 24, 2
236, 28, 0
292, 10, 1
18, 19, 2
424, 10, 0
438, 22, 0
271, 17, 2
183, 16, 2
407, 12, 2
21, 2, 0
241, 7, 0
457, 5, 2
118, 19, 0
370, 4, 2
269, 1, 1
46, 14, 1
117, 28, 1
386, 17, 1
23, 13, 1
169, 7, 0
425, 8, 1
251, 13, 0
255, 3, 0
136, 24, 0
26, 11, 2
729, 27, 1
234, 2, 1
328, 13, 2
259, 10, 0
73, 7, 0
190, 17, 1
347, 1, 2
151, 1, 2
73, 21, 2
365, 1, 0
129, 0, 0
257, 5, 1
218, 9, 0
339, 12, 2
72, 9, 1
153, 2, 1
292, 2, 1
34, 5, 0
393, 5, 2
100, 8, 0
320, 5, 1
116, 2, 0
270, 21, 2
32, 6, 1
217, 4, 0
353, 29, 2
204, 10, 1
401, 27, 2
334, 13, 0
349, 15, 1
422, 29, 1
42, 3, 2
282, 2, 1
320, 23, 0
285, 13, 1
127, 17, 1
293, 19, 1
241, 12, 1
60, 6, 2
200, 14, 0
721, 2, 0
365, 18, 1
44, 29, 0
141, 7, 2
30, 6, 2
387, 7, 1
265, 5, 0
334, 23, 1
394, 11, 2
401, 3, 2
51, 0, 0
245, 24, 2
11, 11, 1
232, 9, 1
682, 11, 1


889, 18, 2
224, 9, 2
244, 1, 1
43, 13, 2
260, 19, 1
517, 27, 0
144, 4, 1
150, 11, 0
602, 2, 2
107, 12, 0
292, 11, 1
117, 7, 1
34, 14, 0
157, 10, 0
102, 9, 0
128, 20, 0
407, 14, 0
72, 9, 0
386, 13, 0
176, 6, 0
162, 8, 0
339, 26, 1
770, 16, 1
241, 17, 2
105, 2, 1
565, 13, 1
190, 27, 1
434, 11, 0
43, 0, 1
70, 5, 2
126, 3, 2
211, 8, 1
152, 23, 2
8, 11, 0
763, 1, 2
273, 4, 2
80, 7, 2
532, 14, 2
99, 9, 1
749, 16, 2
131, 10, 1
455, 13, 1
40, 12, 1
394, 15, 1
318, 14, 1
406, 21, 0
376, 7, 0
219, 15, 0
406, 9, 1
60, 18, 2
263, 5, 0
663, 21, 0
106, 29, 1
77, 8, 0
672, 12, 2
17, 8, 1
252, 26, 0
30, 14, 2
638, 2, 1
208, 29, 2
205, 4, 2
236, 18, 2
738, 10, 1
133, 18, 2
244, 5, 0
178, 17, 1
69, 4, 1
369, 9, 0
594, 17, 2
434, 10, 2
32, 17, 1
441, 17, 1
341, 13, 1
288, 21, 0
151, 20, 0
444, 0, 2
122, 2, 1
34, 27, 1
324, 15, 1
427, 10, 0
304, 14, 1
17, 21, 0
186, 6, 0
17, 4, 2
235, 28, 0
384, 19, 0
437, 27, 1
148, 12, 2
280, 5, 2
77, 22, 1
284, 11, 1
128, 4, 0
4, 29, 0
51, 5, 1
398, 9, 0
34, 25, 1
99, 3, 2
193, 18, 2
259, 9, 2
45, 7, 0


321, 8, 2
236, 8, 2
429, 17, 2
63, 21, 0
87, 19, 0
359, 7, 2
882, 21, 1
87, 12, 1
41, 14, 0
156, 10, 0
128, 11, 2
746, 9, 0
128, 8, 2
209, 5, 0
520, 27, 2
168, 16, 0
12, 10, 1
166, 16, 0
477, 11, 2
271, 6, 1
184, 9, 2
11, 18, 2
135, 4, 2
151, 7, 0
310, 3, 1
73, 5, 2
190, 27, 1
434, 11, 0
80, 4, 1
290, 4, 2
126, 3, 2
211, 8, 1
152, 23, 2
265, 25, 2
763, 1, 2
440, 5, 1
80, 7, 2
304, 16, 2
164, 5, 1
749, 16, 2
131, 10, 1
455, 13, 1
218, 11, 1
56, 19, 2
318, 14, 1
406, 21, 0
412, 2, 2
348, 7, 0
390, 28, 0
60, 18, 2
263, 5, 0
663, 21, 0
67, 22, 2
144, 18, 0
117, 21, 2
359, 4, 0
79, 21, 2
30, 14, 2
114, 9, 2
208, 29, 2
205, 4, 2
236, 18, 2
738, 10, 1
133, 18, 2
244, 5, 0
178, 17, 1
417, 8, 0
199, 9, 0
594, 17, 2
315, 0, 0
32, 17, 1
441, 17, 1
369, 19, 2
288, 21, 0
254, 21, 0
126, 29, 0
406, 5, 2
34, 27, 1
324, 15, 1
7, 8, 0
82, 16, 2
364, 14, 1
22, 5, 2
189, 20, 1
235, 28, 0
276, 11, 0
437, 27, 1
234, 14, 0
328, 5, 0
279, 23, 0
284, 11, 1
6, 0, 0
295, 26, 1
420, 13, 2
398, 9, 0
34, 25, 1
393, 8, 2
193, 18, 2
432, 8, 2
642, 23, 0


56, 10, 2
211, 4, 0
251, 1, 1
131, 5, 0
142, 1, 2
350, 11, 2
882, 21, 1
167, 10, 0
186, 1, 2
8, 5, 1
323, 20, 2
173, 8, 0
434, 18, 0
40, 5, 2
81, 23, 2
192, 4, 0
299, 3, 0
226, 24, 2
286, 22, 0
57, 3, 2
304, 10, 2
49, 24, 0
277, 6, 1
218, 14, 1
375, 0, 1
41, 9, 0
100, 22, 2
414, 12, 0
122, 20, 1
242, 17, 0
117, 6, 1
112, 5, 1
263, 4, 0
385, 18, 1
348, 8, 0
149, 14, 0
209, 14, 1
247, 18, 0
426, 5, 2
795, 11, 1
588, 4, 0
67, 8, 1
278, 7, 2
94, 0, 0
23, 4, 2
207, 22, 2
102, 6, 1
33, 2, 0
295, 15, 2
190, 12, 0
342, 13, 0
405, 15, 2
459, 7, 0
175, 7, 1
93, 12, 0
289, 5, 0
12, 17, 2
154, 20, 2
259, 17, 1
385, 19, 0
205, 27, 2
595, 25, 2
50, 8, 0
14, 4, 0
638, 13, 1
297, 24, 2
226, 16, 2
369, 9, 0
239, 16, 0
53, 10, 1
264, 15, 1
441, 17, 1
356, 23, 2
223, 13, 2
184, 29, 0
26, 27, 0
305, 1, 2
47, 6, 2
267, 6, 1
139, 11, 1
293, 25, 0
388, 17, 1
354, 17, 2
312, 18, 2
435, 9, 1
276, 11, 0
631, 17, 1
74, 17, 2
328, 5, 0
159, 20, 2
171, 0, 1
582, 3, 2
107, 4, 2
390, 5, 1
328, 10, 0
34, 25, 1
125, 12, 0
193, 18, 2
345, 9, 2
424, 9, 2


241, 29, 0
236, 8, 2
429, 17, 2
215, 14, 1
366, 3, 0
359, 7, 2
882, 21, 1
87, 12, 1
41, 14, 0
156, 10, 0
284, 9, 2
746, 9, 0
606, 2, 0
150, 7, 2
238, 25, 2
312, 19, 1
400, 6, 1
417, 5, 1
27, 12, 1
850, 8, 0
120, 9, 1
11, 18, 2
135, 4, 2
159, 17, 2
310, 3, 1
73, 5, 2
190, 27, 1
434, 11, 0
80, 4, 1
355, 5, 1
174, 3, 2
211, 8, 1
152, 23, 2
265, 25, 2
763, 1, 2
46, 14, 1
333, 15, 0
173, 19, 2
164, 5, 1
749, 16, 2
131, 10, 1
455, 13, 1
202, 10, 0
136, 24, 0
318, 14, 1
19, 5, 2
412, 2, 2
348, 7, 0
170, 12, 1
146, 16, 1
78, 8, 0
363, 19, 0
366, 10, 0
392, 6, 2
115, 19, 1
190, 5, 1
412, 13, 2
200, 17, 1
97, 5, 1
386, 14, 2
90, 23, 2
229, 12, 1
261, 5, 2
323, 14, 0
205, 17, 1
393, 14, 1
167, 16, 0
677, 27, 0
295, 13, 1
110, 13, 2
436, 0, 1
108, 3, 0
353, 12, 0
271, 8, 0
32, 3, 2
405, 2, 2
250, 5, 0
442, 13, 1
15, 12, 1
64, 12, 0
226, 29, 1
350, 26, 1
195, 4, 1
257, 9, 1
54, 20, 1
734, 19, 1
246, 15, 1
135, 11, 2
207, 14, 1
373, 0, 1
260, 25, 2
421, 10, 1
268, 24, 1
126, 10, 0
217, 8, 1
346, 0, 2
308, 25, 0
196, 21, 0
401, 9, 0
55, 1, 1


438, 15, 0
266, 7, 0
404, 20, 1
223, 6, 1
6, 12, 1
58, 0, 0
371, 6, 1
96, 16, 0
240, 27, 0
38, 12, 2
362, 18, 2
173, 8, 0
230, 2, 0
288, 12, 2
57, 1, 0
47, 3, 0
96, 5, 1
10, 20, 0
11, 25, 0
393, 13, 2
256, 11, 2
280, 15, 1
117, 12, 2
148, 23, 2
93, 6, 1
97, 0, 1
228, 28, 1
121, 20, 1
128, 12, 0
357, 11, 1
194, 7, 1
314, 4, 1
323, 25, 0
265, 25, 2
378, 15, 1
111, 5, 0
352, 15, 1
199, 22, 1
278, 5, 0
73, 6, 0
50, 6, 1
422, 17, 0
18, 3, 0
145, 10, 0
433, 14, 0
324, 14, 0
27, 2, 1
40, 24, 1
180, 4, 0
307, 10, 1
359, 19, 1
25, 9, 0
50, 20, 0
399, 11, 0
127, 5, 1
607, 7, 1
197, 10, 0
137, 16, 2
435, 6, 2
12, 9, 0
361, 9, 2
111, 2, 1
302, 4, 1
400, 12, 0
279, 24, 2
386, 1, 0
236, 21, 1
262, 2, 0
29, 10, 0
150, 11, 1
261, 7, 1
210, 8, 2
162, 28, 2
426, 6, 0
199, 1, 2
308, 5, 2
42, 3, 2
61, 6, 0
320, 23, 0
214, 12, 2
78, 25, 1
192, 15, 0
311, 28, 2
425, 16, 2
238, 5, 1
233, 12, 1
204, 23, 1
374, 17, 1
351, 28, 0
124, 11, 1
413, 6, 0
240, 3, 2
60, 15, 1
365, 12, 2
401, 3, 2
51, 0, 0
2, 0, 1
445, 5, 2
446, 21, 1
339, 9, 2


56, 10, 2
211, 4, 0
376, 3, 0
131, 5, 0
142, 1, 2
222, 19, 1
882, 21, 1
167, 10, 0
186, 1, 2
8, 5, 1
362, 18, 2
173, 8, 0
434, 18, 0
40, 5, 2
409, 7, 1
192, 4, 0
299, 3, 0
28, 20, 2
286, 22, 0
57, 3, 2
223, 8, 2
49, 25, 0
152, 8, 0
295, 15, 2
157, 4, 2
97, 0, 1
189, 16, 1
312, 16, 2
128, 12, 0
123, 10, 1
40, 4, 2
113, 0, 2
442, 14, 2
265, 25, 2
102, 19, 0
111, 5, 0
369, 7, 2
259, 14, 1
261, 6, 0
73, 6, 0
131, 10, 1
14, 12, 0
159, 16, 0
189, 26, 0
209, 16, 2
93, 17, 2
358, 4, 1
223, 20, 1
243, 12, 0
164, 11, 2
285, 18, 2
89, 5, 1
319, 15, 1
161, 10, 2
108, 19, 0
286, 0, 2
421, 6, 0
132, 23, 2
141, 17, 2
386, 14, 2
364, 25, 2
122, 12, 2
85, 5, 2
252, 6, 2
288, 18, 0
205, 15, 2
231, 25, 1
677, 27, 0
418, 17, 0
7, 17, 1
433, 4, 1
398, 15, 2
335, 21, 2
334, 6, 1
69, 4, 2
124, 2, 2
227, 3, 0
233, 9, 0
147, 2, 1
422, 10, 1
269, 26, 1
190, 15, 2
354, 1, 1
20, 2, 1
40, 24, 0
242, 16, 0
329, 19, 1
381, 7, 0
67, 25, 2
66, 12, 0
292, 9, 2
149, 26, 0
259, 7, 1
176, 2, 2
27, 10, 0
51, 0, 0
138, 15, 1
105, 6, 0
252, 4, 1
682, 11, 1


