77

334, 17, 2
382, 18, 1
872, 5, 1
184, 0, 2
761, 6, 1
133, 2, 2
118, 18, 2
33, 12, 0
366, 25, 0
121, 0, 2
501, 24, 1
265, 22, 2
51, 10, 1
400, 7, 0
294, 25, 2
259, 19, 0
256, 18, 2
196, 2, 1
246, 12, 1
60, 2, 2
357, 20, 0
210, 12, 1
64, 1, 1
93, 23, 1
285, 4, 2
219, 20, 0
357, 27, 1
350, 14, 0
170, 10, 0
222, 26, 1
70, 6, 1
880, 14, 1
96, 8, 2
668, 15, 0
426, 9, 0
107, 8, 0
14, 18, 1
200, 17, 1
423, 9, 2
407, 6, 2
397, 6, 0
435, 7, 0
358, 7, 0
291, 4, 0
46, 8, 1
32, 13, 0
324, 22, 0
373, 24, 2
439, 6, 1
57, 22, 1
101, 19, 2
261, 8, 0
142, 14, 1
52, 12, 1
722, 19, 1
109, 0, 2
337, 8, 2
281, 18, 0
242, 3, 0
53, 11, 2
180, 9, 0
74, 21, 1
607, 23, 2
691, 8, 2
409, 21, 0
318, 16, 0
816, 29, 2
431, 2, 2
27, 7, 2
209, 17, 1
889, 1, 1
453, 23, 1
348, 16, 0
75, 14, 1
432, 7, 2
87, 28, 1
160, 14, 1
764, 17, 1
150, 4, 0
63, 13, 0
317, 16, 0
247, 4, 2
183, 1, 0
132, 5, 1
163, 1, 2
199, 2, 1
363, 10, 2
144, 17, 1
9, 6, 0
0, 10, 0
87, 10, 2
114, 6, 1
293, 27, 1
273, 13, 2
357, 13, 1
259, 12, 2
67, 27, 2
118, 19, 0
63, 17, 2
136, 11, 0


595, 16, 1
100, 25, 0
391, 13, 1
171, 2, 0
236, 0, 2
55, 13, 1
245, 14, 1
52, 6, 2
290, 16, 0
125, 9, 0
156, 16, 2
254, 14, 0
319, 11, 2
203, 11, 0
326, 10, 0
887, 11, 0
292, 22, 0
184, 1, 0
424, 24, 0
338, 1, 1
145, 9, 1
227, 20, 0
546, 19, 2
96, 29, 1
35, 6, 2
375, 8, 2
296, 2, 1
161, 19, 2
249, 5, 0
290, 21, 1
296, 10, 2
880, 14, 1
216, 18, 1
174, 13, 1
12, 6, 0
345, 3, 0
43, 19, 0
57, 6, 0
271, 10, 1
21, 14, 0
223, 6, 0
153, 6, 1
18, 7, 2
219, 5, 1
103, 10, 2
32, 13, 0
91, 7, 1
192, 13, 1
163, 0, 0
146, 17, 1
11, 24, 2
335, 15, 0
148, 2, 0
232, 6, 0
262, 3, 0
386, 1, 1
392, 13, 1
274, 16, 1
175, 8, 2
321, 9, 2
119, 18, 0
59, 6, 1
247, 3, 2
428, 8, 0
330, 18, 0
545, 8, 1
113, 0, 0
201, 10, 1
80, 20, 1
32, 22, 2
71, 1, 0
114, 14, 1
199, 24, 2
388, 17, 0
421, 14, 0
239, 28, 1
178, 1, 2
308, 3, 0
101, 10, 2
78, 16, 2
439, 18, 0
359, 18, 0
280, 5, 2
208, 3, 0
12, 26, 1
9, 12, 2
401, 29, 1
86, 7, 0
57, 22, 0
36, 5, 2
398, 5, 1
400, 2, 1
77, 29, 0
275, 8, 2
227, 9, 1
200, 2, 2
171, 14, 1
381, 3, 0
270, 22, 1
325, 3, 0


595, 16, 1
100, 25, 0
365, 16, 0
231, 16, 0
198, 3, 2
222, 24, 2
264, 16, 0
52, 6, 2
290, 16, 0
125, 9, 0
156, 16, 2
254, 14, 0
319, 11, 2
24, 15, 0
326, 10, 0
153, 9, 2
44, 2, 2
184, 1, 0
424, 24, 0
107, 8, 0
780, 21, 0
29, 10, 1
393, 8, 0
349, 17, 0
344, 5, 2
110, 19, 2
814, 10, 0
232, 4, 1
180, 24, 0
532, 25, 1
216, 9, 2
76, 7, 1
640, 3, 0
215, 10, 0
394, 8, 2
176, 7, 2
195, 6, 2
427, 1, 0
115, 3, 0
175, 7, 2
314, 2, 1
312, 21, 2
191, 10, 2
219, 5, 1
280, 10, 2
17, 14, 2
91, 7, 1
298, 25, 2
252, 10, 1
435, 16, 1
8, 17, 0
263, 7, 1
148, 2, 0
13, 9, 1
388, 1, 0
253, 21, 1
303, 22, 2
411, 19, 1
165, 6, 1
188, 11, 2
228, 20, 0
74, 21, 1
607, 23, 2
691, 8, 2
91, 18, 0
366, 16, 2
816, 29, 2
314, 0, 0
377, 8, 1
245, 20, 1
889, 1, 1
4, 10, 1
125, 1, 0
73, 8, 2
171, 22, 1
443, 21, 0
10, 4, 2
257, 1, 0
266, 20, 2
260, 10, 0
345, 17, 0
391, 21, 1
46, 7, 1
231, 12, 2
124, 18, 1
420, 5, 0
316, 21, 1
54, 18, 0
88, 9, 1
24, 1, 1
47, 15, 2
77, 13, 2
232, 11, 1
249, 5, 1
0, 10, 1
225, 5, 2
143, 17, 1
313, 2, 0
446, 8, 0
401, 7, 1


207, 2, 1
220, 4, 0
404, 21, 1
220, 5, 1
21, 11, 0
187, 0, 2
53, 10, 0
122, 17, 0
305, 10, 1
142, 14, 1
447, 27, 1
44, 14, 0
297, 19, 2
860, 0, 1
37, 24, 1
408, 7, 2
279, 3, 0
153, 3, 1
304, 20, 0
252, 20, 1
176, 2, 1
114, 13, 1
213, 7, 2
136, 9, 1
298, 2, 0
204, 4, 2
179, 2, 0
362, 24, 2
455, 23, 0
157, 12, 2
239, 14, 1
880, 14, 1
280, 17, 0
370, 1, 1
198, 13, 2
29, 6, 1
14, 21, 1
343, 12, 2
20, 7, 1
387, 8, 0
286, 6, 2
428, 9, 1
141, 6, 2
219, 5, 1
131, 18, 1
127, 23, 1
580, 13, 0
330, 20, 2
244, 22, 1
342, 16, 1
275, 14, 1
222, 15, 1
103, 14, 1
258, 2, 2
97, 17, 2
179, 12, 2
486, 16, 2
351, 18, 1
417, 13, 1
260, 8, 1
428, 1, 0
285, 0, 2
71, 14, 2
2, 10, 0
113, 15, 1
30, 10, 0
382, 20, 1
86, 25, 0
6, 13, 1
265, 11, 2
320, 21, 1
41, 5, 2
362, 19, 0
113, 9, 0
147, 17, 2
377, 2, 1
1, 2, 0
764, 17, 1
93, 20, 2
395, 16, 0
59, 14, 1
426, 18, 2
205, 6, 2
356, 14, 0
87, 0, 2
2, 25, 2
378, 13, 1
392, 2, 1
351, 8, 2
289, 10, 2
156, 17, 0
355, 8, 0
235, 19, 0
15, 9, 2
328, 5, 2
259, 5, 1
215, 15, 2
11, 6, 0
314, 2, 0
63, 0, 1


206, 13, 1
301, 10, 2
254, 2, 0
699, 4, 1
12, 5, 1
131, 7, 2
362, 1, 1
512, 4, 1
435, 12, 2
135, 5, 0
446, 21, 2
703, 6, 2
483, 10, 0
264, 6, 1
119, 16, 1
420, 20, 0
449, 18, 0
296, 3, 0
40, 24, 2
91, 6, 2
685, 10, 0
117, 18, 2
36, 5, 2
237, 14, 1
364, 12, 2
189, 4, 2
30, 3, 0
398, 14, 0
658, 3, 2
708, 14, 1
241, 9, 1
810, 29, 0
288, 21, 0
327, 11, 2
418, 0, 2
103, 13, 2
126, 1, 2
84, 20, 1
225, 26, 1
415, 9, 1
871, 17, 2
752, 4, 1
36, 10, 2
144, 11, 0
285, 5, 2
43, 6, 1
59, 8, 0
9, 17, 1
397, 7, 0
137, 7, 0
441, 11, 0
553, 11, 0
62, 19, 2
374, 8, 2
397, 3, 1
167, 8, 1
29, 24, 0
178, 11, 0
256, 5, 0
37, 19, 0
357, 17, 2
157, 13, 1
607, 23, 2
203, 2, 2
18, 25, 2
10, 9, 2
816, 29, 2
255, 18, 2
305, 7, 0
221, 18, 2
889, 1, 1
322, 15, 2
417, 18, 2
348, 21, 0
160, 29, 0
20, 4, 1
214, 4, 0
367, 9, 2
31, 20, 0
47, 17, 2
268, 0, 2
155, 16, 0
53, 12, 2
762, 16, 0
443, 6, 1
98, 9, 2
341, 3, 2
49, 14, 1
113, 9, 2
107, 3, 1
123, 5, 2
113, 3, 0
328, 22, 1
212, 5, 0
200, 21, 2
209, 4, 2
74, 10, 2
67, 6, 2
34, 10, 0
245, 0, 0


595, 16, 1
351, 1, 2
352, 14, 0
96, 1, 2
140, 4, 1
111, 6, 0
154, 20, 1
242, 15, 0
447, 0, 1
246, 4, 1
397, 28, 1
279, 15, 0
483, 10, 0
284, 5, 0
156, 12, 2
343, 21, 0
889, 24, 1
17, 4, 2
320, 16, 1
71, 1, 1
59, 23, 1
358, 10, 2
14, 7, 0
424, 9, 2
49, 8, 1
267, 22, 1
362, 28, 1
447, 2, 0
605, 2, 1
847, 25, 2
16, 2, 0
28, 29, 0
115, 14, 0
195, 15, 2
89, 17, 0
243, 4, 1
440, 17, 1
329, 16, 1
76, 15, 0
97, 19, 1
393, 5, 2
410, 5, 2
371, 7, 2
117, 5, 1
470, 27, 1
220, 7, 1
252, 4, 1
126, 10, 1
234, 2, 0
145, 15, 0
274, 18, 1
856, 12, 2
186, 17, 2
287, 24, 1
123, 19, 2
187, 10, 0
289, 10, 1
22, 6, 0
138, 7, 0
290, 12, 1
379, 16, 2
225, 0, 2
226, 13, 1
65, 0, 2
156, 14, 2
276, 3, 1
87, 14, 2
33, 7, 1
211, 16, 2
102, 9, 1
196, 29, 2
184, 11, 1
336, 20, 2
348, 11, 2
418, 15, 0
84, 22, 0
227, 1, 2
271, 6, 1
383, 1, 1
254, 26, 0
231, 21, 0
428, 27, 0
176, 13, 0
334, 3, 0
404, 20, 0
113, 2, 1
296, 16, 0
361, 3, 2
413, 16, 1
299, 8, 1
125, 3, 1
873, 2, 2
39, 11, 2
175, 14, 0
329, 11, 1
72, 2, 0
162, 26, 0
84, 12, 1
234, 5, 0
170, 3, 1


403, 3, 1
75, 20, 2
41, 20, 2
159, 3, 1
182, 1, 1
285, 0, 0
84, 18, 2
206, 2, 2
372, 14, 0
281, 11, 0
197, 18, 0
367, 10, 2
113, 9, 1
143, 0, 2
237, 8, 0
25, 11, 0
291, 5, 2
69, 1, 1
54, 14, 0
63, 5, 1
363, 2, 1
44, 16, 1
218, 9, 0
77, 14, 1
293, 3, 2
193, 27, 0
146, 2, 0
423, 19, 1
455, 23, 0
290, 21, 1
97, 4, 0
880, 14, 1
248, 9, 2
425, 8, 2
172, 3, 2
61, 22, 0
137, 13, 0
165, 16, 2
133, 29, 0
219, 20, 0
0, 6, 2
299, 13, 0
238, 21, 0
161, 1, 0
441, 3, 0
69, 16, 1
435, 9, 1
271, 9, 0
602, 21, 2
96, 16, 1
112, 6, 0
393, 10, 1
18, 1, 2
9, 6, 1
125, 22, 2
24, 14, 2
345, 8, 1
299, 10, 2
215, 8, 0
3, 10, 0
303, 28, 2
442, 1, 2
93, 6, 2
62, 0, 2
269, 8, 0
429, 20, 0
260, 13, 0
419, 11, 1
411, 19, 1
219, 28, 2
279, 11, 1
224, 6, 2
185, 15, 1
24, 21, 1
173, 11, 2
157, 20, 0
214, 4, 0
412, 7, 1
10, 25, 2
328, 21, 1
8, 0, 2
207, 15, 0
296, 15, 2
762, 16, 0
380, 10, 2
415, 10, 1
186, 8, 1
129, 7, 1
212, 8, 1
670, 8, 1
146, 21, 0
113, 3, 0
84, 24, 0
15, 8, 2
234, 11, 2
221, 6, 0
459, 26, 0
805, 3, 2
235, 2, 0
179, 19, 1


595, 16, 1
351, 1, 2
352, 14, 0
413, 1, 0
260, 8, 0
287, 6, 1
5, 10, 2
424, 11, 1
402, 0, 1
448, 18, 1
147, 18, 2
246, 9, 1
210, 13, 0
61, 2, 1
329, 17, 0
210, 18, 1
192, 8, 1
140, 10, 1
130, 16, 0
107, 8, 0
780, 21, 0
29, 10, 1
393, 8, 0
117, 27, 1
344, 5, 2
371, 9, 0
814, 10, 0
232, 4, 1
180, 24, 0
532, 25, 1
216, 9, 2
76, 7, 1
640, 3, 0
101, 6, 1
123, 9, 1
176, 7, 2
195, 6, 2
241, 10, 0
115, 3, 0
175, 7, 2
314, 2, 1
312, 21, 2
200, 11, 2
219, 5, 1
131, 6, 1
357, 14, 2
91, 7, 1
27, 28, 1
252, 10, 1
435, 16, 1
8, 17, 0
232, 11, 0
148, 2, 0
45, 3, 2
38, 16, 0
253, 21, 1
29, 24, 0
411, 19, 1
179, 19, 1
188, 11, 2
228, 20, 0
74, 21, 1
607, 23, 2
691, 8, 2
91, 18, 0
113, 13, 0
816, 29, 2
431, 6, 1
58, 14, 1
204, 26, 2
889, 1, 1
450, 12, 2
297, 26, 1
73, 8, 2
171, 22, 1
443, 21, 0
10, 4, 2
17, 5, 0
266, 20, 2
260, 10, 0
320, 27, 1
274, 22, 1
46, 7, 1
433, 13, 0
124, 18, 1
168, 12, 0
432, 20, 2
54, 18, 0
336, 8, 1
24, 1, 1
70, 18, 2
50, 15, 0
381, 16, 1
281, 13, 0
208, 9, 0
225, 5, 2
420, 25, 2
337, 23, 2
446, 8, 0
401, 7, 1


403, 3, 1
75, 20, 2
397, 2, 1
159, 3, 1
182, 1, 1
47, 1, 2
84, 18, 2
206, 2, 2
372, 14, 0
281, 11, 0
197, 18, 0
367, 10, 2
279, 13, 1
143, 0, 2
520, 3, 0
116, 26, 2
291, 5, 2
69, 1, 1
54, 14, 0
63, 5, 1
363, 2, 1
44, 16, 1
95, 7, 0
96, 25, 1
293, 3, 2
441, 17, 2
146, 2, 0
423, 19, 1
455, 23, 0
290, 21, 1
97, 4, 0
880, 14, 1
248, 9, 2
425, 8, 2
86, 0, 1
240, 25, 0
440, 17, 1
329, 16, 1
234, 7, 0
34, 19, 2
393, 5, 2
124, 21, 2
128, 3, 0
117, 5, 1
470, 27, 1
220, 7, 1
163, 13, 1
397, 15, 0
234, 2, 0
217, 17, 0
249, 15, 0
856, 12, 2
138, 18, 2
287, 24, 1
134, 13, 1
154, 3, 2
289, 10, 1
22, 6, 0
138, 7, 0
200, 3, 1
342, 16, 0
27, 2, 2
245, 17, 2
28, 6, 1
102, 4, 0
369, 16, 0
148, 28, 2
24, 7, 1
211, 16, 2
102, 9, 1
61, 24, 2
392, 4, 2
169, 15, 2
330, 20, 0
322, 12, 0
157, 20, 0
214, 4, 0
180, 8, 2
231, 11, 2
30, 15, 0
16, 15, 0
181, 9, 1
355, 9, 0
762, 16, 0
38, 1, 2
215, 15, 1
292, 16, 2
252, 6, 0
435, 6, 2
670, 8, 1
146, 21, 0
113, 3, 0
443, 12, 1
283, 5, 0
212, 0, 2
221, 6, 0
173, 9, 2
391, 25, 2
332, 4, 0
198, 23, 2


595, 16, 1
45, 17, 2
206, 23, 2
260, 11, 2
287, 3, 2
281, 8, 0
245, 14, 1
51, 6, 2
203, 2, 1
172, 14, 0
233, 13, 1
108, 7, 0
71, 18, 2
127, 2, 2
379, 8, 0
16, 19, 2
35, 7, 2
220, 7, 1
346, 7, 0
62, 1, 1
193, 18, 2
310, 5, 2
220, 2, 2
185, 10, 2
373, 10, 1
355, 4, 1
7, 16, 2
403, 18, 0
273, 9, 0
708, 14, 1
284, 9, 1
329, 15, 0
288, 21, 0
327, 11, 2
55, 19, 2
178, 5, 1
27, 8, 2
389, 20, 0
237, 18, 1
415, 9, 1
267, 4, 1
752, 4, 1
238, 21, 0
392, 8, 0
445, 13, 0
272, 8, 1
409, 6, 0
416, 14, 2
602, 21, 2
143, 25, 2
269, 12, 0
102, 4, 1
154, 27, 0
374, 8, 2
111, 20, 2
253, 21, 1
155, 5, 1
444, 14, 2
43, 3, 0
58, 18, 1
138, 8, 0
74, 21, 1
607, 23, 2
433, 8, 1
202, 25, 0
192, 14, 1
347, 10, 0
146, 8, 1
392, 3, 2
74, 12, 2
889, 1, 1
207, 11, 1
417, 18, 2
317, 26, 2
295, 25, 1
372, 21, 1
24, 3, 1
367, 9, 2
403, 3, 2
430, 1, 2
344, 29, 0
415, 19, 2
160, 12, 1
144, 16, 0
299, 15, 0
196, 2, 0
243, 8, 1
161, 2, 1
275, 9, 0
49, 7, 2
193, 10, 0
237, 0, 2
296, 22, 1
117, 15, 0
56, 9, 0
89, 7, 2
161, 19, 1
805, 3, 2
263, 2, 1
297, 4, 0


403, 3, 1
75, 20, 2
397, 2, 1
159, 3, 1
182, 1, 1
47, 1, 2
84, 18, 2
206, 2, 2
372, 14, 0
26, 18, 2
263, 18, 0
367, 10, 2
279, 13, 1
143, 0, 2
520, 3, 0
116, 26, 2
291, 5, 2
69, 1, 1
54, 14, 0
272, 7, 0
310, 1, 0
44, 16, 1
95, 7, 0
62, 11, 2
293, 3, 2
441, 17, 2
146, 2, 0
423, 19, 1
455, 23, 0
290, 21, 1
389, 11, 0
880, 14, 1
248, 9, 2
425, 8, 2
1, 1, 1
240, 25, 0
440, 17, 1
329, 16, 1
234, 7, 0
30, 13, 1
195, 5, 2
52, 24, 0
364, 5, 0
117, 5, 1
314, 10, 1
220, 7, 1
242, 7, 2
397, 15, 0
234, 2, 0
217, 17, 0
14, 2, 0
856, 12, 2
138, 18, 2
287, 24, 1
134, 13, 1
154, 3, 2
295, 11, 1
22, 6, 0
138, 7, 0
200, 3, 1
359, 20, 2
149, 2, 0
245, 17, 2
28, 6, 1
247, 4, 2
415, 7, 0
148, 28, 2
24, 7, 1
332, 9, 0
102, 9, 1
61, 24, 2
392, 4, 2
169, 15, 2
330, 20, 0
322, 12, 0
157, 20, 0
214, 4, 0
180, 8, 2
231, 11, 2
157, 8, 1
16, 15, 0
181, 9, 1
355, 9, 0
762, 16, 0
38, 1, 2
215, 15, 1
292, 16, 2
252, 6, 0
435, 6, 2
670, 8, 1
146, 21, 0
121, 6, 2
443, 12, 1
283, 5, 0
212, 0, 2
221, 6, 0
173, 9, 2
391, 25, 2
332, 4, 0
198, 23, 2


5, 17, 0
340, 29, 0
157, 14, 2
259, 1, 1
444, 21, 0
167, 3, 2
289, 9, 0
709, 15, 2
277, 17, 1
253, 0, 2
580, 15, 2
64, 16, 1
386, 19, 1
552, 17, 2
124, 18, 0
193, 16, 1
72, 7, 1
234, 15, 0
219, 10, 1
377, 6, 0
295, 13, 2
207, 19, 0
105, 1, 2
126, 12, 1
751, 13, 1
168, 0, 1
814, 10, 0
241, 10, 0
180, 24, 0
532, 25, 1
70, 7, 1
76, 7, 1
640, 3, 0
192, 7, 2
39, 14, 0
438, 0, 0
21, 18, 0
433, 2, 0
56, 20, 2
129, 9, 2
396, 0, 2
280, 10, 1
317, 21, 1
244, 8, 0
47, 10, 2
179, 7, 2
221, 7, 1
36, 11, 0
444, 7, 0
258, 15, 1
90, 6, 1
553, 11, 0
62, 19, 2
374, 8, 2
167, 10, 2
253, 21, 1
29, 24, 0
56, 11, 2
256, 5, 0
37, 19, 0
273, 15, 2
74, 21, 1
607, 23, 2
691, 8, 2
18, 25, 2
10, 9, 2
816, 29, 2
255, 18, 2
86, 21, 0
221, 18, 2
889, 1, 1
453, 23, 1
417, 18, 2
254, 13, 1
160, 29, 0
675, 8, 1
214, 4, 0
367, 9, 2
31, 20, 0
328, 21, 1
268, 0, 2
370, 1, 2
355, 9, 0
762, 16, 0
163, 13, 0
384, 11, 2
341, 3, 2
101, 12, 0
113, 9, 2
107, 3, 1
98, 25, 0
113, 3, 0
83, 13, 1
212, 5, 0
200, 21, 2
209, 4, 2
296, 7, 0
14, 16, 1
421, 1, 0
68, 3, 1


5, 17, 0
340, 29, 0
157, 14, 2
125, 0, 0
444, 21, 0
167, 3, 2
289, 9, 0
345, 1, 2
277, 17, 1
253, 0, 2
580, 15, 2
64, 16, 1
386, 19, 1
552, 17, 2
124, 18, 0
202, 11, 2
72, 7, 1
276, 16, 0
219, 10, 1
377, 6, 0
362, 11, 0
170, 21, 1
101, 4, 1
346, 1, 0
25, 10, 1
33, 11, 0
198, 24, 2
55, 20, 2
224, 8, 0
390, 22, 1
246, 1, 2
880, 14, 1
308, 25, 2
668, 15, 0
182, 8, 0
188, 10, 1
117, 12, 2
285, 8, 2
194, 11, 0
116, 12, 0
53, 3, 1
87, 23, 0
12, 18, 0
414, 13, 2
404, 14, 1
239, 11, 2
449, 13, 2
136, 19, 0
227, 11, 2
216, 27, 2
102, 3, 0
77, 18, 0
150, 25, 1
62, 7, 0
300, 10, 1
311, 3, 1
222, 12, 2
43, 10, 2
17, 11, 2
147, 5, 0
408, 18, 2
368, 6, 2
607, 23, 2
278, 10, 2
102, 24, 0
32, 10, 2
302, 12, 0
419, 11, 1
135, 11, 0
350, 16, 0
329, 16, 0
323, 8, 2
162, 16, 0
77, 3, 0
36, 27, 1
233, 27, 1
76, 5, 1
208, 10, 1
84, 3, 0
222, 6, 1
276, 27, 0
347, 26, 0
471, 2, 0
762, 16, 0
182, 21, 1
214, 2, 0
96, 26, 1
705, 13, 2
327, 13, 0
60, 4, 1
233, 16, 2
140, 2, 2
385, 6, 1
121, 9, 1
45, 18, 0
342, 9, 2
46, 19, 2
417, 23, 0
25, 6, 0
18, 4, 1


595, 16, 1
351, 1, 2
352, 14, 0
413, 1, 0
260, 8, 0
287, 6, 1
5, 10, 2
160, 3, 1
402, 0, 1
448, 18, 1
147, 18, 2
405, 9, 2
330, 10, 0
61, 2, 1
777, 12, 0
210, 18, 1
509, 24, 0
86, 11, 0
130, 16, 0
107, 8, 0
780, 21, 0
29, 10, 1
393, 8, 0
349, 17, 0
344, 5, 2
26, 16, 1
814, 10, 0
232, 4, 1
180, 24, 0
532, 25, 1
216, 9, 2
76, 7, 1
640, 3, 0
101, 6, 1
123, 9, 1
176, 7, 2
195, 6, 2
241, 10, 0
115, 3, 0
175, 7, 2
314, 2, 1
312, 21, 2
299, 3, 0
219, 5, 1
131, 6, 1
103, 21, 2
91, 7, 1
27, 28, 1
252, 10, 1
435, 16, 1
8, 17, 0
263, 7, 1
148, 2, 0
45, 3, 2
388, 1, 0
253, 21, 1
29, 24, 0
411, 19, 1
179, 19, 1
188, 11, 2
228, 20, 0
74, 21, 1
607, 23, 2
691, 8, 2
91, 18, 0
113, 13, 0
816, 29, 2
431, 6, 1
141, 5, 2
204, 26, 2
889, 1, 1
450, 12, 2
297, 26, 1
73, 8, 2
171, 22, 1
443, 21, 0
10, 4, 2
257, 1, 0
266, 20, 2
260, 10, 0
345, 17, 0
274, 22, 1
46, 7, 1
231, 12, 2
124, 18, 1
420, 5, 0
316, 21, 1
54, 18, 0
336, 8, 1
24, 1, 1
47, 15, 2
77, 13, 2
381, 16, 1
119, 8, 0
208, 9, 0
225, 5, 2
324, 12, 2
368, 23, 1
446, 8, 0
401, 7, 1


288, 17, 1
280, 22, 0
413, 21, 1
57, 0, 0
359, 11, 0
752, 23, 1
197, 2, 2
127, 5, 1
225, 11, 2
353, 8, 0
254, 10, 1
237, 16, 2
313, 8, 2
23, 3, 1
40, 21, 1
101, 23, 1
889, 24, 1
228, 11, 0
345, 25, 2
199, 6, 0
109, 3, 2
50, 20, 1
190, 2, 0
43, 12, 1
118, 23, 2
110, 10, 0
211, 29, 2
156, 8, 1
84, 15, 2
159, 20, 0
185, 6, 0
0, 5, 1
245, 17, 1
418, 6, 0
164, 2, 1
168, 10, 1
383, 13, 2
165, 15, 0
65, 14, 1
187, 16, 2
17, 10, 2
130, 9, 0
78, 13, 1
234, 28, 0
19, 7, 1
71, 8, 0
224, 4, 1
395, 28, 1
102, 0, 0
438, 20, 2
340, 15, 0
215, 5, 2
317, 10, 1
168, 6, 2
41, 14, 1
62, 14, 1
203, 13, 0
133, 29, 1
25, 16, 0
104, 14, 2
153, 27, 2
57, 4, 1
54, 7, 1
45, 1, 0
455, 29, 2
225, 9, 1
97, 8, 0
315, 9, 1
348, 16, 0
403, 8, 0
889, 1, 1
433, 19, 1
291, 10, 2
233, 3, 0
200, 14, 1
675, 8, 1
8, 2, 2
174, 7, 2
867, 13, 0
328, 21, 1
432, 0, 2
421, 6, 1
326, 15, 1
3, 18, 0
0, 14, 2
112, 12, 2
380, 3, 2
348, 1, 2
497, 7, 1
398, 16, 2
17, 21, 2
185, 1, 0
270, 5, 1
376, 20, 0
404, 7, 0
270, 2, 2
329, 8, 2
76, 24, 2
115, 7, 2
179, 19, 1


595, 16, 1
45, 17, 2
352, 14, 0
791, 20, 2
287, 3, 2
281, 8, 0
245, 14, 1
157, 6, 1
203, 2, 1
172, 14, 0
233, 13, 1
108, 7, 0
71, 18, 2
127, 2, 2
328, 20, 2
84, 19, 1
363, 24, 0
472, 22, 0
542, 9, 0
62, 1, 1
288, 17, 2
215, 15, 2
189, 1, 1
383, 9, 0
751, 13, 1
26, 16, 1
814, 10, 0
125, 9, 1
34, 2, 2
532, 25, 1
620, 16, 2
315, 2, 2
640, 3, 0
185, 7, 2
329, 4, 2
106, 12, 1
21, 18, 0
142, 9, 1
117, 5, 0
129, 9, 2
23, 10, 2
89, 12, 0
424, 23, 2
66, 6, 2
144, 19, 0
376, 5, 0
221, 7, 1
413, 14, 1
50, 4, 0
264, 13, 0
127, 10, 1
553, 11, 0
153, 22, 1
374, 8, 2
355, 11, 2
253, 21, 1
29, 24, 0
299, 10, 2
44, 10, 2
287, 0, 1
266, 17, 0
74, 21, 1
607, 23, 2
691, 8, 2
446, 2, 1
318, 16, 0
816, 29, 2
16, 17, 1
104, 0, 2
209, 17, 1
889, 1, 1
453, 23, 1
417, 18, 2
51, 8, 2
295, 5, 2
21, 12, 2
1, 19, 0
764, 17, 1
466, 11, 1
63, 13, 0
42, 28, 1
247, 4, 2
170, 13, 0
132, 5, 1
119, 26, 0
169, 12, 2
363, 10, 2
144, 17, 1
9, 6, 0
0, 10, 0
9, 8, 1
104, 23, 0
281, 25, 1
265, 2, 2
417, 10, 2
259, 12, 2
67, 27, 2
393, 13, 1
10, 16, 2
169, 8, 1


65, 3, 2
51, 8, 1
178, 17, 1
96, 1, 2
140, 4, 1
111, 6, 0
17, 8, 0
409, 11, 0
145, 11, 2
230, 6, 1
397, 28, 1
279, 15, 0
483, 10, 0
284, 5, 0
156, 12, 2
374, 22, 0
889, 24, 1
17, 4, 2
147, 18, 2
71, 1, 1
59, 23, 1
358, 10, 2
14, 7, 0
424, 9, 2
49, 8, 1
10, 9, 1
313, 17, 0
166, 9, 2
605, 2, 1
227, 3, 0
41, 10, 1
28, 29, 0
115, 14, 0
195, 15, 2
89, 17, 0
240, 25, 0
261, 15, 2
329, 16, 1
699, 3, 0
97, 19, 1
393, 5, 2
83, 13, 1
245, 6, 1
117, 5, 1
104, 24, 0
220, 7, 1
163, 13, 1
126, 10, 1
234, 2, 0
217, 17, 0
130, 9, 2
856, 12, 2
108, 18, 2
287, 24, 1
74, 12, 1
187, 10, 0
289, 10, 1
22, 6, 0
284, 15, 2
126, 23, 2
73, 25, 0
182, 5, 2
226, 13, 1
65, 0, 2
269, 8, 0
296, 8, 1
200, 6, 0
419, 11, 1
411, 19, 1
390, 10, 1
889, 1, 1
40, 10, 1
169, 15, 2
108, 26, 2
303, 17, 0
431, 19, 1
214, 4, 0
367, 9, 2
97, 8, 0
0, 2, 2
268, 0, 2
370, 1, 2
351, 10, 1
762, 16, 0
65, 24, 0
215, 15, 1
186, 8, 1
79, 6, 1
186, 22, 2
670, 8, 1
146, 21, 0
113, 3, 0
18, 22, 1
29, 8, 1
32, 15, 0
221, 6, 0
159, 9, 1
805, 3, 2
332, 4, 0
179, 19, 1


334, 16, 0
851, 26, 0
397, 2, 1
325, 10, 0
871, 20, 1
51, 6, 1
84, 18, 2
233, 7, 2
372, 14, 0
281, 11, 0
145, 24, 2
157, 15, 2
615, 2, 1
143, 0, 2
520, 3, 0
825, 19, 0
248, 22, 1
277, 6, 1
54, 14, 0
34, 9, 2
357, 20, 0
61, 17, 1
186, 12, 0
376, 17, 0
115, 11, 2
82, 16, 2
146, 2, 0
149, 15, 2
455, 23, 0
290, 21, 1
232, 9, 0
880, 14, 1
101, 17, 2
668, 15, 0
86, 0, 1
345, 3, 0
242, 3, 2
428, 15, 2
77, 3, 2
213, 11, 1
770, 4, 0
356, 12, 0
219, 26, 1
219, 5, 1
99, 10, 0
127, 23, 1
46, 7, 2
259, 18, 0
207, 3, 2
237, 3, 1
25, 10, 1
16, 6, 0
183, 22, 0
667, 15, 1
321, 16, 2
206, 15, 0
56, 10, 2
446, 4, 0
207, 10, 2
427, 3, 1
321, 26, 2
265, 1, 1
200, 6, 0
65, 0, 2
20, 8, 2
276, 3, 1
308, 19, 2
352, 0, 2
443, 11, 2
114, 4, 0
296, 7, 0
191, 14, 2
352, 12, 0
225, 16, 1
145, 15, 2
323, 5, 1
148, 3, 0
271, 6, 1
45, 16, 1
168, 21, 0
399, 23, 0
252, 19, 1
116, 21, 1
71, 2, 2
400, 12, 2
333, 4, 0
367, 11, 0
406, 16, 1
212, 22, 0
519, 7, 1
199, 11, 1
873, 2, 2
39, 11, 2
410, 6, 1
303, 20, 0
204, 7, 0
275, 12, 0
396, 25, 0
379, 23, 1
107, 5, 1


288, 17, 1
340, 29, 0
157, 14, 2
699, 4, 1
359, 11, 0
752, 23, 1
197, 2, 2
127, 5, 1
575, 19, 0
308, 9, 2
254, 10, 1
703, 6, 2
483, 10, 0
121, 15, 1
40, 21, 1
58, 19, 1
889, 24, 1
228, 11, 0
345, 25, 2
199, 6, 0
38, 0, 0
274, 20, 0
190, 2, 0
398, 13, 1
340, 18, 2
110, 10, 0
81, 22, 2
370, 1, 0
392, 16, 0
847, 25, 2
750, 13, 1
0, 5, 1
179, 10, 1
30, 13, 1
164, 2, 1
45, 7, 2
383, 13, 2
165, 15, 0
192, 15, 1
187, 16, 2
94, 7, 1
130, 9, 0
275, 12, 1
234, 28, 0
19, 7, 1
71, 8, 0
82, 7, 1
10, 21, 0
8, 8, 0
763, 1, 1
340, 15, 0
238, 5, 2
133, 6, 2
487, 2, 1
95, 16, 2
671, 22, 1
22, 9, 2
196, 21, 2
317, 5, 1
140, 18, 1
427, 19, 2
289, 3, 1
548, 0, 2
44, 10, 1
382, 7, 0
397, 5, 0
780, 23, 2
378, 7, 0
244, 14, 0
306, 26, 2
279, 5, 0
234, 15, 1
210, 23, 1
336, 15, 1
67, 27, 0
298, 17, 0
139, 10, 1
764, 17, 1
186, 14, 2
438, 13, 1
305, 20, 1
88, 26, 1
367, 20, 0
107, 13, 2
340, 12, 1
278, 4, 1
360, 9, 1
721, 23, 2
340, 7, 2
434, 3, 1
263, 18, 0
244, 5, 2
320, 10, 1
378, 0, 2
381, 20, 2
232, 3, 0
126, 3, 2
416, 5, 2
205, 5, 2
148, 2, 1


0, 14, 1
851, 26, 0
789, 12, 0
281, 8, 2
118, 6, 1
176, 0, 0
391, 29, 0
122, 17, 0
372, 14, 0
199, 5, 1
249, 20, 2
160, 23, 0
418, 19, 2
154, 5, 0
326, 10, 0
887, 11, 0
449, 18, 0
184, 1, 0
543, 20, 0
91, 6, 2
685, 10, 0
389, 17, 2
714, 4, 1
21, 2, 0
175, 4, 2
403, 24, 1
2, 15, 0
322, 9, 0
658, 3, 2
708, 14, 1
251, 9, 0
350, 17, 2
703, 16, 1
327, 11, 2
125, 8, 0
441, 15, 2
191, 4, 2
338, 12, 0
435, 8, 0
50, 20, 1
871, 17, 2
752, 4, 1
211, 22, 0
338, 6, 2
294, 17, 2
838, 13, 0
77, 2, 2
76, 15, 0
69, 4, 2
375, 15, 1
828, 3, 0
132, 15, 2
169, 6, 0
33, 2, 2
205, 20, 2
127, 10, 1
131, 8, 1
313, 25, 2
256, 5, 0
188, 11, 2
36, 23, 0
74, 21, 1
607, 23, 2
254, 5, 1
91, 18, 0
49, 1, 1
816, 29, 2
290, 10, 2
191, 23, 0
140, 16, 2
889, 1, 1
128, 29, 1
442, 29, 1
254, 13, 1
171, 8, 1
675, 8, 1
214, 4, 0
367, 9, 2
242, 24, 2
112, 25, 0
285, 12, 0
414, 11, 0
355, 9, 0
118, 12, 2
12, 14, 1
400, 16, 2
233, 21, 1
101, 12, 0
222, 8, 2
670, 8, 1
155, 25, 2
113, 3, 0
290, 11, 2
17, 4, 0
349, 10, 0
35, 4, 2
14, 21, 2
805, 3, 2
57, 8, 2
179, 19, 1


595, 16, 1
100, 25, 0
352, 14, 0
791, 20, 2
163, 10, 1
253, 29, 2
245, 14, 1
125, 10, 1
203, 2, 1
325, 28, 0
108, 16, 2
63, 4, 0
384, 19, 2
406, 4, 1
326, 10, 0
887, 11, 0
449, 18, 0
378, 7, 0
18, 12, 0
199, 2, 2
279, 15, 2
313, 5, 2
714, 4, 1
30, 7, 2
152, 9, 1
89, 28, 0
6, 13, 2
99, 7, 1
287, 18, 1
708, 14, 1
251, 9, 0
225, 20, 0
134, 14, 0
327, 11, 2
125, 8, 0
431, 19, 2
25, 13, 2
9, 23, 1
699, 3, 0
138, 7, 0
181, 7, 0
123, 17, 0
72, 8, 2
219, 5, 1
13, 4, 0
300, 5, 0
58, 16, 0
282, 19, 0
35, 21, 2
96, 0, 1
330, 16, 0
233, 15, 2
286, 27, 0
187, 5, 1
224, 15, 2
70, 14, 1
253, 4, 0
407, 12, 1
260, 8, 2
314, 15, 2
195, 23, 0
223, 3, 2
425, 7, 0
161, 18, 0
86, 6, 1
545, 8, 1
54, 4, 0
364, 7, 1
421, 5, 1
306, 26, 2
387, 17, 1
183, 25, 1
84, 18, 0
421, 20, 0
265, 20, 0
401, 19, 1
406, 1, 1
228, 12, 0
232, 5, 0
184, 10, 2
440, 12, 0
276, 10, 0
244, 18, 0
226, 22, 2
157, 24, 1
67, 20, 2
297, 12, 0
241, 19, 2
49, 1, 2
342, 2, 1
155, 14, 0
285, 3, 1
308, 5, 2
328, 6, 1
143, 18, 0
282, 8, 0
249, 16, 0
106, 4, 2
775, 26, 2
302, 11, 1


259, 15, 1
285, 8, 1
31, 15, 2
182, 0, 1
172, 1, 1
412, 10, 0
289, 9, 0
709, 15, 2
40, 3, 1
253, 0, 2
262, 19, 2
176, 23, 0
386, 19, 1
190, 22, 1
397, 6, 0
46, 24, 2
100, 9, 1
212, 16, 0
219, 10, 1
62, 1, 1
193, 18, 2
207, 19, 0
146, 2, 2
135, 17, 0
126, 5, 1
127, 7, 1
814, 10, 0
181, 10, 1
117, 21, 2
263, 8, 1
205, 8, 2
76, 7, 1
291, 22, 2
282, 4, 2
296, 9, 1
106, 12, 1
287, 27, 0
312, 9, 2
233, 15, 2
129, 9, 2
152, 4, 2
101, 4, 1
12, 13, 0
416, 7, 1
144, 19, 0
179, 7, 2
373, 16, 1
36, 11, 0
287, 4, 0
121, 8, 1
90, 6, 1
307, 9, 2
62, 19, 2
374, 8, 2
167, 10, 2
6, 1, 0
29, 24, 0
201, 5, 1
256, 5, 0
23, 1, 1
36, 23, 0
128, 1, 0
195, 6, 2
59, 12, 0
69, 27, 0
126, 12, 1
816, 29, 2
16, 17, 1
54, 16, 1
221, 6, 0
889, 1, 1
453, 23, 1
343, 13, 0
254, 13, 1
158, 17, 2
675, 8, 1
214, 4, 0
367, 9, 2
297, 6, 0
328, 21, 1
350, 16, 0
370, 1, 2
230, 7, 0
93, 10, 2
163, 13, 0
243, 25, 1
194, 10, 0
721, 23, 2
340, 7, 2
317, 12, 0
45, 8, 2
244, 5, 2
438, 7, 1
280, 8, 0
105, 21, 0
232, 3, 0
369, 2, 0
223, 17, 0
205, 5, 2
263, 2, 1


334, 17, 2
338, 11, 1
872, 5, 1
791, 20, 2
761, 6, 1
105, 3, 0
114, 15, 0
33, 12, 0
290, 16, 0
430, 11, 2
501, 24, 1
392, 23, 2
72, 9, 0
400, 7, 0
163, 24, 1
355, 8, 1
256, 18, 2
158, 5, 0
320, 9, 1
60, 2, 2
357, 20, 0
210, 12, 1
64, 1, 1
183, 13, 2
285, 4, 2
134, 10, 1
357, 27, 1
350, 14, 0
170, 10, 0
222, 26, 1
234, 4, 0
880, 14, 1
96, 8, 2
668, 15, 0
253, 2, 1
107, 8, 0
14, 18, 1
225, 10, 2
423, 9, 2
407, 6, 2
59, 12, 1
181, 22, 0
6, 8, 1
291, 4, 0
46, 15, 0
32, 13, 0
419, 7, 0
373, 24, 2
202, 2, 2
130, 14, 0
8, 17, 0
263, 7, 1
148, 2, 0
52, 12, 1
722, 19, 1
109, 0, 2
337, 8, 2
281, 18, 0
238, 12, 0
183, 11, 1
76, 25, 2
199, 2, 1
260, 16, 1
159, 4, 2
220, 20, 0
16, 19, 0
281, 15, 1
313, 11, 1
444, 0, 1
69, 14, 0
168, 5, 2
240, 8, 0
55, 12, 1
116, 7, 1
24, 13, 0
447, 20, 1
26, 5, 2
308, 3, 0
280, 12, 1
440, 6, 0
264, 28, 0
92, 14, 1
438, 13, 1
97, 1, 2
385, 13, 0
48, 15, 0
401, 29, 1
33, 3, 1
507, 5, 2
421, 1, 1
128, 7, 2
416, 4, 1
729, 1, 2
177, 18, 1
176, 6, 1
233, 0, 0
171, 14, 1
244, 14, 1
270, 22, 1
580, 4, 1


387, 0, 1
406, 20, 1
243, 28, 2
609, 9, 0
245, 8, 0
171, 3, 0
269, 5, 1
23, 19, 0
568, 21, 0
737, 17, 1
796, 15, 0
123, 11, 2
67, 1, 0
14, 8, 0
48, 17, 1
156, 18, 1
202, 10, 1
117, 3, 2
192, 24, 1
174, 5, 0
54, 24, 0
440, 19, 1
373, 6, 0
104, 13, 0
49, 8, 1
42, 10, 0
297, 4, 1
43, 21, 1
605, 2, 1
172, 4, 0
274, 10, 2
4, 9, 2
66, 14, 1
247, 14, 2
35, 2, 1
394, 25, 2
383, 13, 2
129, 16, 1
699, 3, 0
169, 23, 1
400, 10, 0
412, 11, 0
320, 10, 1
234, 28, 0
228, 8, 1
232, 16, 1
158, 9, 0
445, 3, 0
116, 15, 1
356, 1, 0
252, 13, 2
57, 22, 1
154, 11, 2
189, 14, 2
53, 23, 2
294, 14, 1
23, 6, 0
205, 20, 1
175, 8, 2
314, 15, 2
27, 22, 0
731, 4, 2
248, 0, 2
44, 10, 1
260, 14, 1
220, 13, 2
168, 26, 1
315, 9, 1
257, 7, 0
344, 27, 2
889, 1, 1
234, 11, 2
19, 10, 0
299, 13, 2
433, 19, 0
675, 8, 1
103, 2, 1
110, 8, 1
867, 13, 0
328, 21, 1
369, 25, 0
202, 29, 1
471, 2, 0
762, 16, 0
0, 14, 2
276, 29, 2
355, 25, 0
72, 25, 0
497, 7, 1
49, 7, 2
394, 15, 2
84, 5, 1
296, 22, 1
86, 19, 2
197, 16, 2
554, 13, 2
459, 26, 0
805, 3, 2
184, 11, 0
388, 2, 0


288, 17, 1
340, 29, 0
157, 14, 2
699, 4, 1
359, 11, 0
752, 23, 1
197, 2, 2
127, 5, 1
575, 19, 0
308, 9, 2
254, 10, 1
703, 6, 2
483, 10, 0
121, 15, 1
40, 21, 1
58, 19, 1
889, 24, 1
228, 11, 0
345, 25, 2
199, 6, 0
38, 0, 0
274, 20, 0
190, 2, 0
286, 6, 0
340, 18, 2
110, 10, 0
81, 22, 2
370, 1, 0
392, 16, 0
847, 25, 2
153, 15, 2
0, 5, 1
179, 10, 1
30, 13, 1
377, 0, 1
45, 7, 2
383, 13, 2
165, 15, 0
192, 15, 1
187, 16, 2
94, 7, 1
130, 9, 0
275, 12, 1
234, 28, 0
19, 7, 1
71, 8, 0
403, 4, 1
10, 21, 0
8, 8, 0
763, 1, 1
340, 15, 0
238, 5, 2
275, 5, 2
207, 0, 0
95, 16, 2
671, 22, 1
22, 9, 2
196, 21, 2
182, 3, 0
140, 18, 1
427, 19, 2
289, 3, 1
548, 0, 2
50, 0, 0
20, 8, 2
276, 3, 1
116, 29, 1
166, 10, 2
29, 11, 0
255, 20, 0
89, 12, 1
231, 7, 1
252, 13, 0
252, 11, 1
70, 3, 1
343, 21, 1
278, 1, 2
336, 16, 2
56, 2, 1
372, 9, 1
440, 12, 0
325, 12, 1
138, 1, 0
190, 26, 2
201, 12, 1
355, 4, 0
318, 18, 1
447, 20, 2
175, 13, 0
309, 5, 2
159, 22, 0
61, 8, 2
442, 2, 2
217, 8, 1
183, 19, 0
101, 4, 1
401, 21, 0
240, 22, 1
53, 5, 0
179, 19, 1


65, 3, 2
51, 8, 1
82, 5, 0
96, 1, 2
140, 4, 1
111, 6, 0
8, 9, 2
242, 15, 0
447, 0, 1
246, 4, 1
315, 5, 0
279, 15, 0
483, 10, 0
284, 5, 0
156, 12, 2
374, 22, 0
889, 24, 1
11, 8, 0
320, 16, 1
270, 2, 2
59, 23, 1
358, 10, 2
14, 7, 0
125, 14, 1
293, 8, 2
20, 2, 1
179, 0, 0
322, 9, 0
185, 13, 2
71, 7, 2
56, 4, 2
350, 17, 2
703, 16, 1
327, 11, 2
6, 2, 1
441, 15, 2
352, 6, 2
338, 12, 0
435, 8, 0
50, 20, 1
871, 17, 2
253, 16, 1
211, 22, 0
338, 6, 2
294, 17, 2
838, 13, 0
310, 4, 1
425, 15, 0
184, 9, 1
93, 19, 2
268, 11, 2
193, 1, 2
169, 6, 0
33, 2, 2
205, 20, 2
127, 10, 1
131, 8, 1
313, 25, 2
256, 5, 0
188, 11, 2
36, 23, 0
256, 20, 2
607, 23, 2
254, 5, 1
145, 3, 1
49, 1, 1
816, 29, 2
290, 10, 2
191, 23, 0
140, 16, 2
384, 5, 2
128, 29, 1
383, 29, 2
324, 15, 0
237, 8, 2
326, 1, 2
183, 0, 2
367, 9, 2
242, 24, 2
112, 25, 0
285, 12, 0
414, 11, 0
191, 7, 0
33, 6, 1
12, 14, 1
400, 16, 2
233, 21, 1
101, 5, 1
222, 8, 2
670, 8, 1
83, 21, 2
113, 3, 0
261, 19, 0
212, 8, 0
101, 9, 2
35, 4, 2
14, 21, 2
805, 3, 2
243, 6, 2
179, 19, 1


595, 16, 1
362, 13, 2
352, 14, 0
791, 20, 2
287, 3, 2
281, 8, 0
245, 14, 1
157, 6, 1
203, 2, 1
172, 14, 0
233, 13, 1
8, 14, 2
71, 18, 2
127, 2, 2
151, 14, 0
84, 19, 1
363, 24, 0
472, 22, 0
36, 18, 2
62, 1, 1
288, 17, 2
215, 15, 2
189, 1, 1
383, 9, 0
751, 13, 1
165, 2, 2
814, 10, 0
156, 18, 2
34, 2, 2
532, 25, 1
620, 16, 2
315, 2, 2
640, 3, 0
388, 5, 1
329, 4, 2
106, 12, 1
21, 18, 0
142, 9, 1
117, 5, 0
129, 9, 2
190, 6, 2
154, 21, 0
357, 4, 2
184, 12, 2
137, 23, 1
376, 5, 0
85, 4, 1
101, 20, 1
50, 4, 0
370, 17, 2
127, 10, 1
553, 11, 0
76, 12, 0
374, 8, 2
225, 16, 2
253, 21, 1
29, 24, 0
283, 12, 0
44, 10, 2
287, 0, 1
266, 17, 0
74, 21, 1
607, 23, 2
114, 14, 2
446, 2, 1
158, 4, 1
816, 29, 2
16, 17, 1
27, 4, 1
316, 15, 0
889, 1, 1
453, 23, 1
136, 14, 0
72, 8, 2
295, 5, 2
46, 21, 1
1, 19, 0
271, 6, 1
251, 4, 0
217, 6, 0
415, 29, 0
440, 10, 2
42, 6, 1
235, 15, 1
407, 6, 2
419, 5, 1
144, 8, 1
103, 3, 2
232, 17, 0
75, 7, 0
414, 10, 0
356, 7, 0
431, 26, 1
50, 3, 2
248, 4, 1
200, 6, 2
253, 10, 0
385, 19, 0
273, 8, 0
175, 0, 1


35, 6, 1
285, 8, 1
430, 21, 2
826, 26, 1
292, 0, 2
889, 26, 1
463, 0, 2
284, 8, 0
456, 9, 1
111, 14, 2
851, 22, 1
127, 14, 0
241, 9, 1
140, 10, 2
349, 25, 1
45, 1, 0
89, 4, 1
472, 22, 0
382, 23, 0
296, 5, 0
417, 3, 1
407, 28, 1
192, 6, 2
155, 12, 2
751, 13, 1
306, 14, 2
41, 21, 1
181, 10, 1
147, 13, 1
275, 21, 1
620, 16, 2
76, 7, 1
252, 16, 2
275, 8, 2
145, 8, 1
106, 12, 1
21, 18, 0
268, 10, 2
237, 8, 0
241, 4, 0
397, 22, 2
315, 11, 1
309, 13, 0
219, 13, 2
146, 5, 1
289, 18, 1
384, 6, 0
214, 13, 2
212, 7, 1
307, 11, 2
381, 14, 0
197, 16, 2
53, 23, 1
53, 7, 0
167, 10, 2
133, 22, 2
171, 27, 1
345, 17, 1
383, 0, 1
353, 9, 2
382, 4, 1
24, 1, 0
368, 3, 1
119, 2, 0
20, 8, 2
276, 3, 1
116, 29, 1
158, 6, 0
211, 16, 2
255, 20, 0
387, 17, 1
231, 7, 1
252, 13, 0
252, 11, 1
162, 11, 2
343, 21, 1
278, 1, 2
228, 12, 0
246, 2, 2
203, 12, 1
440, 12, 0
82, 26, 0
174, 0, 0
226, 22, 2
66, 2, 2
374, 11, 1
10, 18, 2
83, 14, 1
175, 13, 0
342, 2, 1
159, 22, 0
61, 8, 2
442, 2, 2
376, 20, 0
352, 10, 0
402, 2, 2
97, 8, 1
333, 14, 1
115, 7, 2
179, 19, 1


0, 14, 1
851, 26, 0
789, 12, 0
134, 7, 0
118, 6, 1
176, 0, 0
444, 19, 2
122, 17, 0
372, 14, 0
199, 5, 1
19, 18, 2
160, 23, 0
418, 19, 2
154, 5, 0
63, 16, 0
887, 11, 0
210, 11, 0
184, 1, 0
543, 20, 0
91, 6, 2
685, 10, 0
389, 17, 2
91, 3, 1
21, 2, 0
175, 4, 2
403, 24, 1
2, 15, 0
322, 9, 0
658, 3, 2
151, 16, 0
251, 9, 0
350, 17, 2
703, 16, 1
327, 11, 2
125, 8, 0
288, 9, 1
191, 4, 2
338, 12, 0
435, 8, 0
50, 20, 1
328, 3, 1
752, 4, 1
142, 4, 2
119, 9, 2
294, 17, 2
838, 13, 0
225, 3, 1
76, 15, 0
69, 4, 2
375, 15, 1
828, 3, 0
132, 15, 2
169, 6, 0
33, 2, 2
205, 20, 2
127, 10, 1
131, 8, 1
313, 25, 2
147, 8, 0
188, 11, 2
36, 23, 0
74, 21, 1
607, 23, 2
254, 5, 1
164, 19, 0
49, 1, 1
816, 29, 2
179, 15, 1
191, 23, 0
235, 7, 0
889, 1, 1
82, 18, 1
70, 16, 2
259, 24, 1
171, 8, 1
675, 8, 1
214, 4, 0
384, 12, 1
242, 24, 2
112, 25, 0
285, 12, 0
414, 11, 0
355, 9, 0
118, 12, 2
12, 14, 1
141, 16, 0
233, 21, 1
101, 12, 0
252, 7, 0
670, 8, 1
287, 19, 1
28, 0, 2
290, 11, 2
98, 7, 0
349, 10, 0
35, 4, 2
14, 21, 2
417, 5, 2
57, 8, 2
179, 19, 1


153, 1, 1
251, 14, 0
404, 21, 1
220, 5, 1
146, 8, 1
187, 0, 2
53, 10, 0
122, 17, 0
305, 10, 1
142, 14, 1
202, 29, 1
44, 14, 0
297, 19, 2
860, 0, 1
37, 24, 1
408, 7, 2
279, 3, 0
153, 3, 1
304, 20, 0
252, 20, 1
176, 2, 1
114, 13, 1
309, 7, 2
136, 9, 1
50, 1, 2
204, 4, 2
179, 2, 0
362, 24, 2
455, 23, 0
157, 12, 2
84, 12, 2
880, 14, 1
280, 17, 0
668, 15, 0
125, 14, 2
29, 6, 1
14, 21, 1
860, 9, 1
20, 7, 1
387, 8, 0
286, 6, 2
428, 9, 1
141, 6, 2
219, 5, 1
357, 17, 1
127, 23, 1
580, 13, 0
73, 8, 2
244, 22, 1
342, 16, 1
155, 13, 0
222, 15, 1
103, 14, 1
133, 0, 0
97, 17, 2
179, 12, 2
486, 16, 2
242, 11, 2
250, 13, 1
260, 8, 1
168, 5, 1
42, 7, 0
71, 14, 2
2, 10, 0
54, 21, 2
30, 10, 0
382, 20, 1
86, 25, 0
6, 13, 1
265, 11, 2
320, 21, 1
41, 5, 2
197, 6, 0
348, 11, 2
147, 17, 2
377, 2, 1
1, 2, 0
764, 17, 1
93, 20, 2
395, 16, 0
56, 9, 2
426, 18, 2
205, 6, 2
272, 2, 1
399, 25, 1
2, 25, 2
235, 17, 1
392, 2, 1
71, 12, 1
289, 10, 2
159, 22, 0
355, 8, 0
458, 23, 1
402, 19, 1
298, 15, 0
145, 0, 2
459, 26, 0
805, 3, 2
420, 6, 2
179, 19, 1


334, 16, 0
851, 26, 0
397, 2, 1
325, 10, 0
871, 20, 1
269, 3, 2
84, 18, 2
233, 7, 2
372, 14, 0
281, 11, 0
45, 28, 1
9, 10, 1
615, 2, 1
143, 0, 2
284, 14, 0
825, 19, 0
248, 8, 1
277, 6, 1
54, 14, 0
416, 16, 2
357, 20, 0
61, 17, 1
156, 2, 0
376, 17, 0
165, 7, 1
82, 16, 2
146, 2, 0
149, 15, 2
85, 6, 2
160, 17, 0
232, 9, 0
173, 14, 0
396, 18, 2
668, 15, 0
131, 6, 2
297, 6, 1
242, 3, 2
428, 15, 2
77, 3, 2
213, 11, 1
770, 4, 0
78, 0, 1
219, 26, 1
219, 5, 1
99, 10, 0
127, 23, 1
198, 8, 2
259, 18, 0
207, 3, 2
352, 2, 0
25, 10, 1
16, 6, 0
177, 21, 0
667, 15, 1
321, 16, 2
254, 4, 0
56, 10, 2
446, 4, 0
183, 23, 0
427, 3, 1
321, 26, 2
265, 1, 1
335, 20, 2
313, 9, 1
180, 14, 1
35, 10, 2
127, 7, 0
164, 14, 0
191, 23, 0
314, 6, 1
889, 1, 1
118, 2, 0
307, 5, 0
202, 13, 2
51, 25, 1
57, 24, 0
214, 4, 0
63, 0, 1
101, 23, 0
262, 13, 2
435, 15, 2
199, 10, 0
360, 6, 0
762, 16, 0
117, 26, 0
428, 26, 1
66, 19, 2
183, 2, 2
79, 18, 0
154, 9, 0
71, 14, 1
225, 3, 0
91, 29, 0
252, 4, 0
317, 7, 0
35, 4, 2
459, 26, 0
805, 3, 2
58, 6, 1
269, 23, 1


24, 20, 0
212, 5, 1
91, 13, 1
183, 3, 2
28, 1, 1
156, 13, 1
289, 9, 0
709, 15, 2
180, 15, 0
253, 0, 2
449, 8, 0
636, 25, 2
240, 10, 2
552, 17, 2
379, 8, 0
46, 24, 2
35, 7, 2
220, 7, 1
219, 10, 1
62, 1, 1
193, 18, 2
168, 17, 0
105, 1, 2
265, 12, 1
751, 13, 1
127, 7, 1
7, 16, 2
403, 18, 0
658, 3, 2
708, 14, 1
284, 9, 1
810, 29, 0
288, 21, 0
327, 11, 2
55, 19, 2
178, 5, 1
434, 15, 0
389, 20, 0
225, 26, 1
415, 9, 1
871, 17, 2
752, 4, 1
238, 21, 0
392, 8, 0
445, 13, 0
235, 11, 0
409, 6, 0
9, 17, 1
602, 21, 2
206, 2, 1
269, 12, 0
228, 12, 2
154, 27, 0
374, 8, 2
111, 20, 2
253, 21, 1
123, 4, 2
35, 21, 2
43, 3, 0
291, 16, 1
440, 7, 0
74, 21, 1
607, 23, 2
691, 8, 2
202, 25, 0
192, 14, 1
347, 10, 0
146, 8, 1
392, 3, 2
315, 13, 0
889, 1, 1
207, 11, 1
417, 18, 2
254, 13, 1
41, 13, 2
372, 21, 1
193, 6, 2
367, 9, 2
403, 3, 2
401, 13, 2
307, 14, 1
77, 20, 0
471, 2, 0
63, 10, 2
364, 19, 0
91, 22, 2
355, 25, 0
161, 2, 1
275, 9, 0
49, 7, 2
193, 10, 0
237, 0, 2
296, 22, 1
141, 20, 2
140, 2, 2
554, 13, 2
459, 26, 0
805, 3, 2
263, 2, 1
57, 5, 2


242, 15, 1
851, 26, 0
789, 12, 0
281, 8, 2
118, 6, 1
176, 0, 0
391, 29, 0
24, 13, 2
372, 14, 0
199, 5, 1
249, 20, 2
160, 23, 0
418, 19, 2
154, 5, 0
189, 19, 0
304, 15, 2
229, 6, 2
184, 1, 0
283, 19, 2
91, 6, 2
685, 10, 0
389, 17, 2
714, 4, 1
21, 2, 0
175, 4, 2
403, 24, 1
217, 27, 2
322, 9, 0
224, 13, 2
708, 14, 1
251, 9, 0
356, 20, 2
703, 16, 1
327, 11, 2
125, 8, 0
441, 15, 2
191, 4, 2
338, 12, 0
435, 8, 0
215, 0, 2
871, 17, 2
752, 4, 1
164, 20, 2
338, 6, 2
39, 17, 1
318, 4, 1
77, 2, 2
76, 15, 0
69, 4, 2
375, 15, 1
828, 3, 0
120, 17, 2
204, 11, 2
33, 2, 2
205, 20, 2
127, 10, 1
238, 9, 1
313, 25, 2
420, 6, 1
188, 11, 2
36, 23, 0
74, 21, 1
607, 23, 2
164, 5, 1
91, 18, 0
49, 1, 1
816, 29, 2
290, 10, 2
191, 23, 0
140, 1, 0
889, 1, 1
128, 29, 1
442, 29, 1
254, 13, 1
157, 7, 2
675, 8, 1
214, 4, 0
367, 9, 2
242, 24, 2
261, 15, 1
285, 12, 0
414, 11, 0
354, 13, 0
118, 12, 2
12, 14, 1
400, 16, 2
233, 21, 1
252, 11, 0
222, 8, 2
670, 8, 1
155, 25, 2
151, 3, 2
290, 11, 2
79, 9, 1
184, 26, 0
35, 4, 2
71, 5, 2
805, 3, 2
26, 7, 2
107, 24, 2


9, 13, 0
71, 9, 1
408, 14, 2
325, 10, 0
871, 20, 1
187, 0, 2
219, 11, 0
107, 19, 2
372, 14, 0
64, 6, 0
202, 29, 1
103, 17, 0
439, 21, 1
32, 6, 0
520, 3, 0
116, 9, 2
12, 0, 0
277, 6, 1
54, 14, 0
3, 12, 0
122, 10, 1
380, 21, 1
117, 13, 0
196, 11, 1
292, 4, 1
224, 15, 2
268, 15, 1
238, 16, 1
199, 14, 0
120, 23, 1
232, 19, 2
880, 14, 1
764, 22, 2
215, 18, 1
254, 3, 1
235, 6, 2
242, 3, 2
142, 18, 0
159, 10, 1
325, 15, 1
770, 4, 0
345, 14, 0
30, 15, 2
41, 6, 1
105, 13, 2
337, 21, 2
451, 9, 1
175, 16, 2
35, 21, 2
11, 1, 1
209, 5, 1
285, 17, 1
183, 22, 0
667, 15, 1
355, 24, 1
127, 1, 1
314, 2, 0
136, 18, 2
229, 17, 0
70, 7, 1
76, 25, 2
747, 7, 0
233, 24, 2
206, 9, 0
394, 12, 1
68, 8, 1
270, 28, 1
427, 3, 2
379, 8, 0
324, 13, 1
35, 7, 0
307, 20, 0
12, 15, 2
388, 17, 0
421, 14, 0
239, 28, 1
377, 21, 0
308, 3, 0
283, 12, 2
78, 16, 2
406, 17, 1
359, 18, 0
251, 4, 0
300, 7, 0
85, 16, 1
91, 11, 2
401, 29, 1
131, 8, 0
507, 5, 2
12, 13, 2
151, 3, 1
400, 2, 1
729, 1, 2
275, 8, 2
337, 15, 0
180, 0, 2
171, 14, 1
409, 10, 1
270, 22, 1
75, 2, 0


595, 16, 1
437, 8, 1
352, 14, 0
169, 17, 2
287, 3, 2
281, 8, 0
245, 14, 1
157, 6, 1
203, 2, 1
172, 14, 0
82, 9, 0
108, 7, 0
144, 20, 0
127, 2, 2
328, 20, 2
84, 19, 1
94, 2, 0
9, 25, 1
542, 9, 0
62, 1, 1
288, 17, 2
215, 15, 2
276, 2, 0
383, 9, 0
198, 6, 1
26, 16, 1
814, 10, 0
125, 9, 1
34, 2, 2
532, 25, 1
620, 16, 2
315, 2, 2
640, 3, 0
185, 7, 2
329, 4, 2
106, 12, 1
21, 18, 0
146, 18, 2
117, 5, 0
129, 9, 2
190, 6, 2
154, 21, 0
357, 4, 2
203, 11, 0
144, 19, 0
376, 5, 0
85, 4, 1
101, 20, 1
50, 4, 0
264, 13, 0
127, 10, 1
553, 11, 0
208, 4, 0
374, 8, 2
272, 3, 1
253, 21, 1
29, 24, 0
283, 12, 0
44, 10, 2
287, 0, 1
266, 17, 0
74, 21, 1
607, 23, 2
138, 8, 2
446, 2, 1
158, 4, 1
816, 29, 2
16, 17, 1
104, 0, 2
209, 17, 1
889, 1, 1
453, 23, 1
136, 14, 0
51, 8, 2
295, 5, 2
21, 12, 2
1, 19, 0
271, 6, 1
251, 4, 0
217, 6, 0
415, 29, 0
440, 10, 2
42, 6, 1
121, 15, 2
404, 20, 0
419, 5, 1
144, 8, 1
103, 3, 2
232, 17, 0
75, 7, 0
414, 10, 0
356, 7, 0
431, 26, 1
247, 5, 0
190, 15, 2
276, 6, 0
253, 10, 0
385, 19, 0
156, 2, 1
170, 3, 1


403, 3, 1
75, 20, 2
397, 2, 1
59, 1, 2
182, 1, 1
47, 1, 2
84, 18, 2
422, 1, 2
372, 14, 0
281, 11, 0
388, 16, 0
367, 10, 2
279, 13, 1
143, 0, 2
520, 3, 0
116, 26, 2
248, 22, 1
438, 9, 1
54, 14, 0
63, 5, 1
357, 20, 0
44, 16, 1
95, 7, 0
96, 25, 1
115, 11, 2
441, 17, 2
146, 2, 0
149, 15, 2
455, 23, 0
290, 21, 1
232, 9, 0
880, 14, 1
101, 17, 2
425, 8, 2
86, 0, 1
240, 25, 0
440, 17, 1
329, 16, 1
234, 7, 0
34, 19, 2
393, 5, 2
337, 5, 2
133, 5, 1
117, 5, 1
470, 27, 1
220, 7, 1
163, 13, 1
126, 10, 1
234, 2, 0
217, 17, 0
249, 15, 0
856, 12, 2
138, 18, 2
287, 24, 1
134, 13, 1
187, 10, 0
289, 10, 1
22, 6, 0
138, 7, 0
200, 3, 1
342, 16, 0
265, 1, 1
245, 17, 2
28, 6, 1
102, 4, 0
276, 3, 1
308, 19, 2
24, 7, 1
211, 16, 2
102, 9, 1
61, 24, 2
184, 11, 1
192, 15, 0
348, 11, 2
418, 15, 0
178, 3, 2
83, 5, 2
271, 6, 1
251, 4, 0
217, 6, 0
415, 29, 0
428, 27, 0
598, 15, 0
291, 19, 0
404, 20, 0
430, 15, 2
10, 18, 2
361, 3, 2
321, 10, 0
75, 7, 0
414, 10, 0
873, 2, 2
39, 11, 2
34, 5, 1
329, 11, 1
276, 6, 0
253, 10, 0
301, 13, 0
156, 2, 1
170, 3, 1


65, 3, 2
51, 8, 1
178, 17, 1
96, 1, 2
140, 4, 1
111, 6, 0
8, 9, 2
334, 3, 2
447, 0, 1
246, 4, 1
397, 28, 1
141, 16, 1
483, 10, 0
80, 5, 0
156, 12, 2
9, 19, 0
889, 24, 1
17, 4, 2
320, 16, 1
71, 1, 1
59, 23, 1
358, 10, 2
14, 7, 0
203, 12, 1
49, 8, 1
267, 22, 1
313, 17, 0
447, 2, 0
605, 2, 1
847, 25, 2
54, 6, 1
28, 29, 0
115, 14, 0
195, 15, 2
89, 17, 0
240, 25, 0
440, 17, 1
329, 16, 1
699, 3, 0
97, 19, 1
417, 7, 1
410, 5, 2
149, 8, 0
118, 0, 0
470, 27, 1
220, 7, 1
163, 13, 1
60, 11, 0
109, 5, 2
217, 17, 0
130, 9, 2
856, 12, 2
337, 24, 1
287, 24, 1
436, 20, 1
187, 10, 0
289, 10, 1
386, 16, 2
138, 7, 0
200, 3, 1
106, 17, 0
265, 1, 1
226, 13, 1
137, 4, 1
156, 14, 2
276, 3, 1
308, 19, 2
333, 15, 0
35, 8, 0
102, 9, 1
296, 7, 0
359, 6, 2
183, 2, 0
330, 20, 0
76, 13, 2
324, 3, 1
214, 4, 0
180, 8, 2
207, 11, 2
30, 15, 0
418, 19, 0
21, 16, 0
268, 13, 1
762, 16, 0
167, 14, 0
256, 20, 0
292, 16, 2
252, 6, 0
210, 4, 0
2, 12, 2
146, 21, 0
113, 3, 0
368, 16, 1
283, 5, 0
262, 2, 2
221, 6, 0
228, 17, 0
183, 25, 1
332, 4, 0
82, 26, 1


595, 16, 1
262, 6, 1
412, 2, 0
791, 20, 2
205, 3, 1
253, 29, 2
245, 14, 1
382, 7, 1
290, 16, 0
325, 28, 0
185, 21, 2
230, 9, 2
269, 15, 0
154, 5, 0
323, 13, 0
887, 11, 0
431, 9, 2
184, 1, 0
543, 20, 0
91, 6, 2
257, 2, 0
39, 27, 0
714, 4, 1
374, 22, 0
175, 4, 2
403, 24, 1
30, 3, 0
264, 28, 1
178, 5, 0
708, 14, 1
202, 6, 0
85, 24, 0
445, 23, 0
327, 11, 2
221, 0, 1
399, 12, 2
191, 4, 2
42, 18, 0
47, 1, 2
13, 15, 0
123, 4, 0
395, 0, 1
270, 3, 0
35, 7, 2
283, 15, 0
100, 19, 0
46, 7, 2
71, 5, 0
207, 3, 2
426, 15, 0
108, 9, 1
348, 7, 0
70, 29, 1
155, 6, 1
380, 12, 2
206, 15, 0
437, 4, 1
307, 10, 2
83, 14, 2
194, 24, 2
213, 14, 0
258, 1, 0
65, 2, 1
303, 15, 1
175, 14, 2
77, 7, 1
357, 16, 0
352, 0, 2
44, 14, 0
114, 4, 0
296, 7, 0
289, 2, 2
135, 16, 1
266, 17, 2
215, 28, 0
305, 9, 2
9, 1, 2
360, 3, 1
0, 25, 0
160, 18, 2
6, 2, 2
438, 12, 0
105, 5, 2
90, 14, 1
133, 22, 1
341, 12, 2
393, 17, 2
410, 23, 0
354, 5, 2
169, 18, 0
37, 18, 0
263, 3, 2
9, 20, 1
204, 5, 0
54, 13, 1
223, 8, 1
459, 26, 0
363, 5, 2
165, 4, 0
333, 2, 0


93, 12, 2
69, 8, 0
408, 14, 2
289, 3, 2
26, 0, 1
187, 0, 2
391, 29, 0
107, 19, 2
374, 16, 0
64, 6, 0
166, 12, 2
418, 20, 1
182, 0, 0
126, 7, 2
119, 16, 1
10, 8, 1
449, 18, 0
97, 1, 1
430, 15, 1
91, 6, 2
195, 15, 1
117, 11, 1
132, 0, 0
225, 8, 2
364, 12, 2
403, 24, 1
30, 3, 0
254, 1, 0
378, 5, 0
356, 3, 0
241, 9, 1
810, 29, 0
288, 21, 0
122, 18, 0
55, 19, 2
390, 6, 0
434, 15, 0
425, 20, 0
225, 26, 1
71, 9, 2
261, 9, 1
752, 4, 1
238, 21, 0
294, 7, 0
387, 13, 0
328, 21, 0
22, 15, 2
9, 17, 1
168, 12, 2
46, 7, 1
74, 23, 2
59, 23, 1
421, 19, 2
121, 0, 1
414, 14, 2
359, 1, 2
5, 21, 2
268, 27, 1
94, 19, 2
291, 16, 1
283, 9, 2
74, 21, 1
140, 12, 2
691, 8, 2
18, 13, 1
234, 6, 1
196, 17, 2
108, 5, 0
104, 0, 2
239, 4, 1
889, 1, 1
207, 11, 1
243, 20, 2
309, 16, 1
154, 15, 0
372, 21, 1
147, 5, 1
367, 9, 2
446, 13, 0
401, 13, 2
49, 14, 1
265, 18, 2
471, 2, 0
762, 16, 0
163, 13, 0
368, 10, 0
341, 3, 2
127, 7, 1
398, 3, 0
670, 8, 1
146, 21, 0
278, 3, 1
345, 25, 1
111, 5, 1
236, 12, 1
41, 2, 0
459, 26, 0
135, 13, 1
266, 1, 0
57, 10, 0


9, 13, 0
71, 9, 1
408, 14, 2
95, 0, 0
871, 20, 1
187, 0, 2
219, 11, 0
45, 1, 2
372, 14, 0
64, 6, 0
84, 11, 1
103, 17, 0
342, 9, 2
32, 6, 0
324, 12, 2
116, 9, 2
12, 0, 0
215, 5, 0
54, 14, 0
3, 12, 0
122, 10, 1
135, 20, 0
117, 13, 0
196, 11, 1
97, 3, 2
224, 15, 2
419, 8, 0
238, 16, 1
199, 14, 0
120, 23, 1
232, 19, 2
880, 14, 1
764, 22, 2
184, 17, 1
254, 3, 1
235, 6, 2
242, 3, 2
152, 20, 1
159, 10, 1
202, 19, 2
65, 7, 2
345, 14, 0
30, 15, 2
41, 6, 1
105, 13, 2
337, 21, 2
451, 9, 1
175, 16, 2
35, 21, 2
11, 1, 1
209, 5, 1
285, 17, 1
183, 22, 0
667, 15, 1
255, 27, 1
127, 1, 1
314, 2, 0
136, 18, 2
229, 17, 0
314, 15, 2
27, 22, 0
731, 4, 2
248, 0, 2
44, 10, 1
113, 3, 1
431, 14, 2
168, 26, 1
315, 9, 1
436, 1, 2
308, 5, 1
889, 1, 1
225, 15, 1
87, 7, 0
446, 5, 1
286, 9, 1
43, 21, 1
103, 2, 1
110, 8, 1
867, 13, 0
429, 17, 2
287, 29, 0
170, 17, 0
471, 2, 0
762, 16, 0
0, 14, 2
145, 2, 0
439, 15, 2
72, 25, 0
22, 8, 1
18, 4, 1
394, 15, 2
84, 5, 1
135, 18, 0
86, 19, 2
24, 18, 2
554, 13, 2
459, 26, 0
805, 3, 2
184, 11, 0
388, 2, 0


334, 17, 2
338, 11, 1
872, 5, 1
19, 0, 2
761, 6, 1
192, 3, 1
118, 18, 2
33, 12, 0
449, 17, 0
121, 0, 2
501, 24, 1
265, 22, 2
72, 9, 0
400, 7, 0
294, 25, 2
355, 8, 1
256, 18, 2
158, 5, 0
246, 12, 1
60, 2, 2
357, 20, 0
210, 12, 1
64, 1, 1
93, 23, 1
285, 4, 2
219, 20, 0
357, 27, 1
350, 14, 0
170, 10, 0
222, 26, 1
234, 4, 0
880, 14, 1
96, 8, 2
668, 15, 0
426, 9, 0
107, 8, 0
14, 18, 1
225, 10, 2
423, 9, 2
407, 6, 2
143, 10, 1
435, 7, 0
358, 7, 0
291, 4, 0
46, 8, 1
32, 13, 0
324, 22, 0
373, 24, 2
202, 2, 2
130, 14, 0
8, 17, 0
261, 8, 0
148, 2, 0
52, 12, 1
722, 19, 1
109, 0, 2
337, 8, 2
281, 18, 0
287, 10, 2
183, 11, 1
76, 25, 2
199, 2, 1
189, 8, 0
159, 4, 2
220, 20, 0
16, 19, 0
281, 15, 1
313, 11, 1
444, 0, 1
363, 13, 0
168, 5, 2
240, 8, 0
56, 15, 2
386, 17, 2
2, 8, 2
207, 11, 2
98, 6, 1
218, 10, 0
278, 7, 2
24, 11, 0
415, 29, 0
190, 24, 0
598, 15, 0
82, 3, 1
304, 2, 2
82, 23, 2
291, 12, 2
428, 0, 1
321, 10, 0
348, 2, 0
50, 10, 2
873, 2, 2
448, 19, 1
34, 5, 1
143, 6, 2
204, 6, 0
166, 17, 0
365, 18, 0
156, 2, 1
178, 1, 0


206, 13, 1
301, 10, 2
101, 22, 2
699, 4, 1
120, 6, 0
222, 12, 0
769, 26, 0
512, 4, 1
140, 14, 2
135, 5, 0
446, 21, 2
703, 6, 2
483, 10, 0
126, 7, 2
119, 16, 1
420, 20, 0
449, 18, 0
184, 1, 0
40, 24, 2
91, 6, 2
685, 10, 0
117, 18, 2
36, 5, 2
303, 12, 0
364, 12, 2
189, 4, 2
30, 3, 0
246, 14, 0
658, 3, 2
708, 14, 1
241, 9, 1
810, 29, 0
288, 21, 0
327, 11, 2
265, 11, 2
390, 6, 0
434, 15, 0
84, 20, 1
225, 26, 1
415, 9, 1
871, 17, 2
752, 4, 1
36, 10, 2
144, 11, 0
160, 6, 0
43, 6, 1
59, 8, 0
9, 17, 1
602, 21, 2
206, 2, 1
269, 12, 0
59, 23, 1
154, 27, 0
374, 8, 2
414, 14, 2
253, 21, 1
28, 16, 0
35, 21, 2
256, 5, 0
291, 16, 1
440, 7, 0
74, 21, 1
607, 23, 2
691, 8, 2
21, 16, 2
234, 6, 1
347, 10, 0
77, 9, 1
104, 0, 2
145, 8, 0
889, 1, 1
207, 11, 1
417, 18, 2
254, 13, 1
162, 11, 2
50, 3, 1
278, 1, 2
228, 12, 0
196, 18, 1
335, 13, 2
68, 14, 1
12, 11, 0
174, 0, 0
175, 13, 1
105, 18, 0
374, 11, 1
177, 9, 0
83, 14, 1
284, 11, 1
374, 4, 1
159, 22, 0
397, 3, 0
69, 19, 0
376, 20, 0
352, 10, 0
270, 2, 2
50, 10, 1
333, 14, 1
115, 7, 2
179, 19, 1


210, 18, 1
21, 2, 1
101, 22, 2
699, 4, 1
296, 4, 2
261, 25, 1
769, 26, 0
512, 4, 1
140, 14, 2
186, 17, 0
148, 18, 2
703, 6, 2
241, 1, 0
126, 7, 2
119, 16, 1
10, 8, 1
449, 18, 0
97, 1, 1
40, 24, 2
91, 6, 2
685, 10, 0
117, 11, 1
36, 5, 2
340, 12, 0
364, 12, 2
403, 24, 1
30, 3, 0
254, 1, 0
658, 3, 2
182, 10, 2
241, 9, 1
810, 29, 0
288, 21, 0
327, 11, 2
55, 19, 2
390, 6, 0
434, 15, 0
84, 20, 1
225, 26, 1
415, 9, 1
261, 9, 1
752, 4, 1
238, 21, 0
386, 5, 1
596, 4, 2
43, 6, 1
59, 8, 0
9, 17, 1
168, 12, 2
206, 2, 1
409, 13, 0
59, 23, 1
154, 27, 0
374, 8, 2
414, 14, 2
253, 21, 1
28, 16, 0
268, 27, 1
166, 6, 1
291, 16, 1
283, 9, 2
74, 21, 1
607, 23, 2
691, 8, 2
21, 16, 2
234, 6, 1
74, 15, 1
108, 5, 0
104, 0, 2
228, 9, 1
889, 1, 1
207, 11, 1
417, 18, 2
309, 16, 1
154, 15, 0
372, 21, 1
193, 6, 2
367, 9, 2
446, 13, 0
401, 13, 2
307, 14, 1
265, 18, 2
471, 2, 0
762, 16, 0
163, 13, 0
368, 10, 0
341, 3, 2
127, 7, 1
325, 12, 1
670, 8, 1
146, 21, 0
278, 3, 1
345, 25, 1
111, 5, 1
236, 12, 1
35, 4, 2
459, 26, 0
135, 13, 1
266, 1, 0
179, 19, 1


104, 8, 0
283, 16, 1
789, 12, 0
220, 5, 1
871, 20, 1
187, 0, 2
53, 10, 0
122, 17, 0
194, 18, 1
67, 12, 2
313, 22, 1
392, 23, 2
0, 11, 0
400, 7, 0
356, 11, 1
355, 8, 1
256, 18, 2
205, 9, 1
320, 9, 1
60, 2, 2
362, 11, 0
257, 25, 0
251, 3, 2
346, 1, 0
5, 10, 0
230, 1, 1
357, 27, 1
78, 15, 2
158, 10, 2
222, 26, 1
86, 7, 0
880, 14, 1
38, 6, 0
668, 15, 0
443, 12, 1
188, 10, 1
117, 12, 2
10, 4, 0
194, 11, 0
46, 15, 1
59, 12, 1
87, 23, 0
203, 8, 1
399, 9, 1
173, 5, 2
296, 4, 1
237, 10, 0
241, 25, 1
282, 7, 0
166, 21, 2
387, 10, 1
273, 6, 0
150, 25, 1
62, 7, 0
300, 10, 1
311, 3, 1
263, 26, 1
400, 18, 2
17, 11, 2
147, 5, 0
442, 1, 0
65, 1, 2
607, 23, 2
251, 0, 0
102, 24, 0
416, 12, 2
392, 9, 1
419, 11, 1
431, 15, 1
221, 18, 2
329, 16, 0
108, 4, 2
139, 12, 0
77, 3, 0
36, 27, 1
130, 28, 0
76, 5, 1
208, 10, 1
84, 3, 0
169, 5, 2
276, 27, 0
347, 26, 0
471, 2, 0
762, 16, 0
364, 21, 1
787, 20, 0
161, 6, 0
705, 13, 2
417, 15, 0
96, 5, 2
390, 13, 0
873, 2, 2
254, 12, 1
163, 5, 1
229, 20, 0
342, 9, 2
46, 19, 2
417, 23, 0
775, 26, 2
257, 7, 1


595, 16, 1
220, 6, 0
352, 14, 0
16, 2, 2
227, 1, 0
253, 29, 2
444, 5, 1
157, 6, 1
200, 21, 0
325, 28, 0
252, 16, 0
98, 4, 1
112, 18, 2
137, 7, 0
326, 10, 0
887, 11, 0
151, 5, 2
184, 1, 0
141, 29, 1
43, 2, 1
275, 17, 2
39, 27, 0
714, 4, 1
21, 2, 0
175, 4, 2
371, 20, 1
283, 13, 0
207, 23, 2
56, 9, 2
708, 14, 1
251, 9, 0
391, 7, 1
134, 14, 0
327, 11, 2
198, 6, 2
301, 12, 0
197, 28, 1
21, 14, 0
236, 5, 1
284, 13, 1
400, 10, 0
92, 17, 2
233, 15, 0
234, 28, 0
692, 22, 2
71, 8, 0
234, 12, 1
328, 11, 2
444, 7, 0
191, 15, 2
217, 1, 0
307, 9, 2
62, 19, 2
374, 8, 2
204, 15, 0
1, 1, 0
8, 4, 1
50, 17, 1
256, 5, 0
76, 13, 2
36, 23, 0
74, 21, 1
607, 23, 2
313, 9, 1
91, 18, 0
10, 9, 2
816, 29, 2
181, 12, 2
374, 12, 2
361, 13, 1
341, 12, 0
453, 23, 1
432, 23, 1
203, 9, 2
385, 21, 0
675, 8, 1
214, 4, 0
367, 9, 2
264, 24, 0
328, 21, 1
268, 0, 2
370, 1, 2
87, 5, 0
762, 16, 0
145, 21, 0
400, 16, 2
437, 18, 2
101, 12, 0
212, 8, 1
670, 8, 1
363, 24, 0
113, 3, 0
23, 15, 1
430, 4, 0
82, 1, 2
35, 4, 2
459, 26, 0
805, 3, 2
266, 1, 0
289, 7, 0


595, 16, 1
262, 6, 1
412, 2, 0
791, 20, 2
72, 7, 0
253, 29, 2
245, 14, 1
341, 8, 0
290, 16, 0
325, 28, 0
185, 21, 2
111, 21, 0
269, 15, 0
154, 5, 0
323, 13, 0
887, 11, 0
431, 9, 2
184, 1, 0
212, 22, 1
91, 6, 2
685, 10, 0
123, 13, 1
714, 4, 1
7, 8, 1
175, 4, 2
403, 24, 1
286, 17, 2
264, 28, 1
397, 4, 2
172, 4, 0
274, 10, 2
92, 3, 2
53, 8, 0
399, 11, 1
35, 2, 1
394, 25, 2
383, 13, 2
446, 17, 1
699, 3, 0
169, 23, 1
400, 10, 0
318, 5, 2
36, 14, 0
234, 28, 0
228, 8, 1
232, 16, 1
158, 9, 0
445, 3, 0
288, 7, 2
356, 1, 0
15, 11, 2
28, 1, 2
383, 5, 0
189, 14, 2
53, 23, 2
62, 14, 1
147, 8, 2
133, 29, 1
25, 16, 0
104, 14, 2
157, 21, 2
731, 4, 2
248, 0, 2
205, 5, 2
455, 29, 2
225, 9, 1
165, 24, 2
315, 9, 1
304, 6, 1
344, 27, 2
889, 1, 1
234, 11, 2
80, 18, 1
258, 12, 1
183, 7, 2
675, 8, 1
103, 2, 1
110, 8, 1
867, 13, 0
328, 21, 1
369, 25, 0
174, 12, 1
471, 2, 0
762, 16, 0
0, 14, 2
276, 29, 2
435, 14, 0
72, 25, 0
497, 7, 1
49, 7, 2
17, 21, 2
84, 5, 1
296, 22, 1
86, 19, 2
135, 11, 1
554, 13, 2
459, 26, 0
805, 3, 2
240, 7, 2
406, 6, 2


403, 3, 1
75, 20, 2
135, 19, 1
59, 1, 2
182, 1, 1
47, 1, 2
84, 18, 2
124, 4, 1
305, 3, 1
281, 11, 0
388, 16, 0
367, 10, 2
279, 13, 1
143, 0, 2
520, 3, 0
116, 26, 2
248, 22, 1
438, 9, 1
54, 14, 0
63, 5, 1
357, 20, 0
183, 17, 2
204, 7, 1
96, 25, 1
115, 11, 2
441, 17, 2
146, 2, 0
159, 26, 1
455, 23, 0
355, 5, 2
232, 9, 0
880, 14, 1
101, 17, 2
425, 8, 2
374, 12, 0
346, 17, 1
440, 17, 1
295, 0, 0
234, 7, 0
34, 19, 2
314, 2, 1
296, 23, 0
18, 10, 2
219, 5, 1
330, 8, 1
346, 26, 1
166, 9, 2
311, 9, 1
236, 3, 0
97, 4, 0
8, 17, 0
161, 20, 1
158, 14, 1
425, 9, 0
439, 8, 2
253, 21, 1
116, 14, 2
421, 23, 1
179, 19, 1
188, 11, 2
297, 17, 2
12, 7, 2
16, 14, 0
121, 4, 1
148, 29, 2
113, 13, 0
816, 29, 2
69, 9, 1
30, 0, 2
345, 1, 0
260, 3, 0
43, 2, 0
94, 13, 1
393, 9, 0
171, 22, 1
195, 11, 2
10, 4, 2
136, 5, 0
266, 20, 2
182, 6, 0
336, 17, 0
208, 20, 0
313, 4, 2
231, 12, 2
212, 22, 0
17, 15, 0
316, 21, 1
75, 16, 0
289, 12, 0
169, 11, 2
127, 10, 2
77, 13, 2
415, 19, 0
398, 15, 2
195, 6, 2
215, 7, 0
101, 6, 0
62, 22, 0
35, 11, 0
401, 7, 1


403, 3, 1
315, 3, 0
418, 14, 0
224, 3, 0
182, 1, 1
51, 6, 1
84, 18, 2
394, 4, 2
100, 3, 2
254, 13, 0
107, 29, 1
157, 15, 2
142, 7, 1
143, 0, 2
520, 3, 0
116, 26, 2
6, 8, 2
95, 2, 0
54, 14, 0
131, 16, 2
202, 20, 1
3, 23, 1
226, 6, 0
299, 5, 0
382, 17, 2
57, 20, 1
72, 3, 1
149, 15, 2
455, 23, 0
390, 6, 0
232, 9, 0
880, 14, 1
302, 24, 0
327, 11, 2
125, 8, 0
441, 15, 2
191, 4, 2
338, 12, 0
435, 8, 0
215, 0, 2
230, 2, 1
752, 4, 1
164, 20, 2
338, 6, 2
39, 17, 1
288, 13, 0
77, 2, 2
76, 15, 0
98, 7, 1
375, 15, 1
828, 3, 0
395, 22, 0
204, 11, 2
295, 4, 1
205, 20, 2
257, 7, 2
238, 9, 1
313, 25, 2
420, 6, 1
188, 11, 2
354, 10, 1
74, 21, 1
607, 23, 2
164, 5, 1
38, 1, 0
276, 11, 2
816, 29, 2
313, 10, 1
414, 16, 2
329, 12, 0
889, 1, 1
62, 26, 0
442, 29, 1
417, 10, 0
95, 17, 2
675, 8, 1
214, 4, 0
160, 5, 2
242, 24, 2
268, 21, 2
260, 22, 1
314, 8, 2
118, 24, 0
118, 12, 2
246, 19, 1
203, 9, 2
308, 16, 1
150, 19, 2
222, 8, 2
670, 8, 1
155, 25, 2
271, 2, 0
178, 23, 0
79, 9, 1
184, 26, 0
69, 2, 0
358, 12, 0
805, 3, 2
26, 7, 2
107, 24, 2


595, 16, 1
100, 25, 0
365, 16, 0
231, 16, 0
6, 0, 0
253, 29, 2
245, 14, 1
52, 6, 2
290, 16, 0
125, 9, 0
138, 20, 2
254, 14, 0
319, 11, 2
154, 5, 0
326, 10, 0
887, 11, 0
292, 22, 0
184, 1, 0
424, 24, 0
353, 14, 2
239, 16, 1
227, 20, 0
546, 19, 2
88, 12, 1
35, 6, 2
375, 8, 2
296, 2, 1
161, 19, 2
249, 5, 0
290, 21, 1
445, 4, 1
880, 14, 1
216, 18, 1
231, 18, 1
165, 4, 1
345, 3, 0
347, 28, 1
251, 3, 0
260, 2, 0
133, 23, 1
314, 2, 1
312, 21, 2
72, 8, 2
219, 5, 1
342, 2, 0
32, 13, 0
91, 7, 1
27, 28, 1
163, 0, 0
435, 16, 1
8, 17, 0
263, 7, 1
148, 2, 0
103, 12, 0
722, 19, 1
321, 7, 1
392, 13, 1
274, 16, 1
175, 8, 2
47, 9, 2
119, 18, 0
731, 4, 2
247, 3, 2
394, 21, 2
330, 18, 0
545, 8, 1
182, 9, 0
515, 13, 0
407, 20, 1
306, 26, 2
62, 0, 0
335, 22, 0
358, 14, 2
321, 18, 1
70, 28, 0
295, 10, 1
433, 8, 2
764, 17, 1
203, 7, 2
395, 16, 0
457, 29, 1
95, 29, 0
363, 1, 1
272, 2, 1
379, 6, 2
22, 11, 1
143, 9, 0
479, 27, 0
71, 12, 1
185, 10, 2
159, 22, 0
244, 11, 2
442, 2, 2
402, 19, 1
422, 8, 0
103, 8, 1
97, 8, 1
333, 14, 1
115, 7, 2
179, 19, 1


334, 16, 0
122, 6, 2
397, 2, 1
325, 10, 0
871, 20, 1
51, 6, 1
84, 18, 2
41, 8, 0
372, 14, 0
281, 11, 0
145, 24, 2
157, 15, 2
615, 2, 1
143, 0, 2
520, 3, 0
825, 19, 0
248, 22, 1
131, 0, 1
54, 14, 0
34, 9, 2
357, 20, 0
61, 17, 1
186, 12, 0
231, 21, 0
444, 2, 2
82, 16, 2
146, 2, 0
149, 15, 2
455, 23, 0
290, 21, 1
232, 9, 0
880, 14, 1
101, 17, 2
668, 15, 0
86, 0, 1
345, 3, 0
242, 3, 2
428, 15, 2
130, 9, 0
213, 11, 1
770, 4, 0
105, 23, 0
219, 26, 1
219, 5, 1
89, 13, 0
127, 23, 1
46, 7, 2
259, 18, 0
207, 3, 2
237, 3, 1
25, 10, 1
366, 4, 1
183, 22, 0
667, 15, 1
45, 22, 2
206, 15, 0
56, 10, 2
446, 4, 0
207, 10, 2
133, 14, 0
14, 16, 0
182, 2, 0
277, 17, 1
14, 2, 1
102, 4, 0
276, 3, 1
325, 27, 1
24, 7, 1
211, 16, 2
305, 13, 0
117, 16, 1
184, 11, 1
246, 18, 0
348, 11, 2
316, 11, 1
178, 3, 2
83, 5, 2
36, 8, 2
251, 4, 0
164, 10, 2
415, 29, 0
214, 19, 0
598, 15, 0
291, 19, 0
404, 20, 0
430, 15, 2
59, 4, 0
361, 3, 2
362, 13, 2
75, 7, 0
414, 10, 0
873, 2, 2
195, 26, 0
34, 5, 1
259, 7, 1
207, 0, 2
322, 5, 0
301, 13, 0
37, 14, 0
170, 3, 1


260, 14, 2
1, 8, 1
195, 6, 0
162, 5, 0
761, 6, 1
190, 2, 2
383, 22, 0
52, 6, 2
258, 16, 0
325, 28, 0
147, 18, 2
66, 20, 1
406, 1, 0
441, 8, 2
326, 10, 0
887, 11, 0
449, 18, 0
184, 1, 0
40, 24, 2
91, 6, 2
685, 10, 0
404, 29, 0
36, 5, 2
58, 13, 2
175, 4, 2
403, 24, 1
30, 3, 0
264, 28, 1
658, 3, 2
708, 14, 1
241, 9, 1
810, 29, 0
703, 16, 1
327, 11, 2
55, 19, 2
390, 6, 0
283, 18, 0
111, 13, 0
225, 26, 1
415, 9, 1
871, 17, 2
752, 4, 1
238, 21, 0
144, 11, 0
596, 4, 2
43, 6, 1
59, 8, 0
189, 23, 1
602, 21, 2
206, 2, 1
269, 12, 0
116, 9, 2
154, 27, 0
374, 8, 2
8, 8, 2
253, 21, 1
41, 15, 0
299, 10, 2
256, 5, 0
495, 10, 2
440, 7, 0
74, 21, 1
607, 23, 2
691, 8, 2
71, 23, 2
234, 6, 1
347, 10, 0
16, 17, 1
104, 0, 2
145, 8, 0
889, 1, 1
207, 11, 1
417, 18, 2
254, 13, 1
133, 7, 1
675, 8, 1
214, 4, 0
367, 9, 2
867, 13, 0
328, 21, 1
307, 14, 1
265, 18, 2
471, 2, 0
762, 16, 0
0, 14, 2
787, 20, 0
355, 25, 0
161, 2, 1
497, 7, 1
49, 7, 2
217, 8, 1
275, 1, 2
296, 22, 1
86, 19, 2
76, 10, 0
554, 13, 2
459, 26, 0
805, 3, 2
193, 10, 0
236, 7, 0


8, 10, 0
428, 9, 0
213, 24, 2
123, 4, 2
79, 0, 0
219, 22, 2
22, 21, 0
127, 5, 1
575, 19, 0
135, 5, 0
796, 15, 0
703, 6, 2
28, 3, 0
230, 10, 0
185, 10, 2
156, 18, 1
889, 24, 1
29, 1, 0
339, 16, 1
220, 5, 1
463, 19, 2
440, 19, 1
74, 2, 1
104, 13, 0
49, 8, 1
42, 10, 0
155, 8, 1
304, 22, 2
605, 2, 1
847, 25, 2
187, 18, 1
4, 9, 2
258, 14, 2
126, 13, 2
679, 14, 0
431, 19, 2
383, 13, 2
724, 24, 2
699, 3, 0
325, 15, 1
770, 4, 0
345, 14, 0
272, 27, 1
41, 6, 1
105, 13, 2
127, 23, 1
19, 3, 1
175, 16, 2
35, 21, 2
11, 1, 1
228, 11, 1
285, 17, 1
183, 22, 0
667, 15, 1
169, 4, 1
93, 4, 1
314, 2, 0
136, 18, 2
247, 25, 2
243, 11, 1
76, 25, 2
747, 7, 0
233, 24, 2
4, 20, 0
58, 1, 0
63, 17, 2
410, 16, 1
101, 1, 2
803, 10, 0
276, 13, 2
82, 17, 1
11, 6, 2
292, 1, 0
170, 10, 2
197, 14, 0
79, 18, 0
831, 7, 1
238, 9, 2
296, 18, 1
400, 6, 0
194, 19, 1
95, 18, 2
621, 21, 1
18, 11, 2
130, 26, 1
360, 17, 2
515, 7, 0
321, 1, 1
214, 6, 0
73, 5, 0
58, 20, 0
42, 20, 2
157, 28, 1
95, 11, 1
417, 10, 2
355, 5, 1
171, 14, 2
367, 20, 1
99, 3, 1
120, 0, 0


595, 16, 1
262, 6, 1
412, 2, 0
791, 20, 2
174, 7, 1
253, 29, 2
245, 14, 1
449, 5, 2
290, 16, 0
325, 28, 0
185, 21, 2
111, 21, 0
269, 15, 0
154, 5, 0
323, 13, 0
887, 11, 0
431, 9, 2
184, 1, 0
543, 20, 0
91, 6, 2
685, 10, 0
39, 27, 0
714, 4, 1
374, 22, 0
175, 4, 2
403, 24, 1
30, 3, 0
264, 28, 1
397, 4, 2
708, 14, 1
202, 6, 0
85, 24, 0
434, 24, 1
327, 11, 2
221, 0, 1
153, 9, 1
191, 4, 2
42, 18, 0
180, 11, 1
13, 15, 0
871, 17, 2
752, 4, 1
316, 10, 2
144, 11, 0
255, 4, 0
838, 13, 0
278, 6, 0
394, 28, 1
161, 7, 0
283, 7, 0
217, 5, 1
187, 14, 0
133, 6, 2
487, 2, 1
95, 16, 2
671, 22, 1
22, 9, 2
196, 21, 2
288, 6, 2
140, 18, 1
159, 14, 0
289, 3, 1
548, 0, 2
44, 10, 1
268, 12, 1
545, 8, 1
780, 23, 2
130, 8, 2
83, 6, 1
306, 26, 2
52, 15, 1
20, 9, 1
188, 18, 0
336, 15, 1
67, 27, 0
210, 11, 1
139, 10, 1
764, 17, 1
380, 8, 2
371, 6, 0
164, 7, 2
88, 26, 1
74, 11, 1
267, 10, 1
368, 8, 1
278, 4, 1
360, 9, 1
721, 23, 2
413, 15, 0
238, 7, 2
263, 18, 0
244, 5, 2
6, 21, 1
406, 6, 1
344, 9, 0
232, 3, 0
126, 3, 2
247, 11, 0
205, 5, 2
148, 2, 1


288, 17, 1
340, 29, 0
413, 21, 1
699, 4, 1
359, 11, 0
752, 23, 1
197, 2, 2
127, 5, 1
225, 11, 2
308, 9, 2
254, 10, 1
703, 6, 2
483, 10, 0
23, 3, 1
40, 21, 1
58, 19, 1
889, 24, 1
228, 11, 0
345, 25, 2
199, 6, 0
109, 3, 2
274, 20, 0
190, 2, 0
398, 13, 1
340, 18, 2
110, 10, 0
81, 22, 2
370, 1, 0
392, 16, 0
847, 25, 2
750, 13, 1
0, 5, 1
179, 10, 1
30, 13, 1
164, 2, 1
168, 10, 1
383, 13, 2
165, 15, 0
196, 13, 0
187, 16, 2
94, 7, 1
130, 9, 0
275, 12, 1
234, 28, 0
19, 7, 1
71, 8, 0
224, 4, 1
10, 21, 0
8, 8, 0
438, 20, 2
340, 15, 0
215, 5, 2
133, 6, 2
189, 14, 2
41, 14, 1
62, 14, 1
203, 13, 0
133, 29, 1
25, 16, 0
104, 14, 2
153, 27, 2
57, 4, 1
54, 7, 1
45, 1, 0
455, 29, 2
225, 9, 1
216, 17, 1
315, 9, 1
348, 16, 0
403, 8, 0
889, 1, 1
433, 19, 1
451, 19, 2
233, 3, 0
14, 24, 0
675, 8, 1
8, 2, 2
174, 7, 2
867, 13, 0
328, 21, 1
432, 0, 2
421, 6, 1
326, 15, 1
762, 16, 0
0, 14, 2
332, 4, 0
380, 3, 2
348, 1, 2
497, 7, 1
49, 7, 2
17, 21, 2
84, 5, 1
415, 0, 2
72, 20, 0
260, 10, 2
554, 13, 2
459, 26, 0
805, 3, 2
149, 15, 2
406, 6, 2


403, 3, 1
75, 20, 2
304, 6, 1
297, 1, 1
182, 1, 1
47, 1, 2
84, 18, 2
422, 1, 2
377, 7, 2
281, 11, 0
388, 16, 0
367, 10, 2
279, 13, 1
390, 14, 1
520, 3, 0
116, 26, 2
248, 22, 1
438, 9, 1
54, 14, 0
63, 5, 1
357, 20, 0
44, 16, 1
95, 7, 0
96, 25, 1
41, 5, 0
441, 17, 2
146, 2, 0
149, 15, 2
455, 23, 0
290, 21, 1
16, 5, 0
880, 14, 1
101, 17, 2
425, 8, 2
86, 0, 1
240, 25, 0
21, 18, 0
33, 3, 0
233, 15, 2
129, 9, 2
232, 1, 2
465, 10, 2
42, 18, 0
416, 7, 1
447, 13, 0
122, 13, 2
221, 7, 1
36, 11, 0
298, 1, 2
72, 18, 2
98, 12, 1
307, 9, 2
212, 6, 0
258, 8, 1
396, 11, 1
120, 14, 2
29, 24, 0
319, 6, 1
256, 5, 0
188, 11, 2
54, 24, 0
307, 18, 1
78, 8, 2
313, 9, 1
276, 24, 2
158, 7, 1
24, 21, 2
16, 17, 1
191, 23, 0
341, 11, 2
889, 1, 1
88, 25, 1
390, 26, 1
254, 13, 1
11, 21, 1
675, 8, 1
214, 4, 0
186, 10, 2
195, 0, 1
328, 21, 1
350, 1, 2
269, 12, 0
355, 9, 0
762, 16, 0
284, 29, 1
403, 10, 0
341, 3, 2
101, 12, 0
440, 12, 0
334, 10, 2
142, 8, 2
75, 8, 2
328, 26, 0
84, 4, 0
281, 16, 2
37, 4, 0
14, 16, 2
137, 23, 0
379, 6, 2
179, 19, 1


595, 16, 1
351, 1, 2
352, 14, 0
413, 1, 0
260, 8, 0
253, 29, 2
5, 10, 2
274, 8, 0
274, 17, 0
149, 10, 2
147, 18, 2
98, 4, 1
418, 19, 2
197, 0, 1
194, 23, 1
887, 11, 0
154, 7, 2
157, 2, 1
141, 29, 1
43, 2, 1
685, 10, 0
39, 27, 0
714, 4, 1
21, 2, 0
29, 0, 0
371, 20, 1
283, 13, 0
270, 16, 2
56, 9, 2
61, 9, 1
251, 9, 0
225, 20, 0
105, 18, 0
327, 11, 2
198, 6, 2
297, 6, 2
205, 18, 1
346, 13, 0
290, 5, 2
284, 13, 1
370, 6, 1
92, 17, 2
233, 15, 0
144, 7, 2
48, 23, 0
71, 8, 0
161, 3, 2
339, 22, 1
193, 4, 0
763, 1, 1
155, 25, 1
650, 22, 0
114, 5, 0
189, 14, 2
10, 5, 0
671, 22, 1
205, 10, 2
177, 28, 1
0, 3, 0
187, 0, 1
369, 11, 1
268, 5, 1
174, 18, 0
285, 3, 2
236, 8, 0
54, 20, 0
255, 15, 0
28, 8, 1
306, 20, 2
193, 15, 0
44, 9, 2
300, 8, 2
386, 10, 1
278, 24, 2
132, 20, 1
16, 7, 2
214, 4, 0
35, 13, 0
115, 23, 0
229, 29, 0
104, 14, 0
265, 18, 2
180, 7, 0
762, 16, 0
425, 8, 1
245, 6, 1
224, 11, 1
161, 2, 1
400, 19, 0
203, 10, 2
313, 3, 0
184, 3, 1
391, 23, 0
363, 0, 2
236, 22, 1
170, 0, 2
318, 12, 2
290, 14, 2
342, 13, 0
222, 1, 0


334, 17, 2
338, 11, 1
872, 5, 1
791, 20, 2
761, 6, 1
100, 25, 1
114, 15, 0
30, 9, 0
290, 16, 0
67, 12, 2
501, 24, 1
392, 23, 2
72, 9, 0
400, 7, 0
76, 9, 2
355, 8, 1
256, 18, 2
205, 9, 1
320, 9, 1
60, 2, 2
357, 20, 0
210, 12, 1
64, 1, 1
183, 13, 2
285, 4, 2
191, 21, 0
357, 27, 1
409, 17, 1
158, 10, 2
222, 26, 1
234, 4, 0
880, 14, 1
96, 8, 2
668, 15, 0
443, 12, 1
107, 8, 0
14, 18, 1
225, 10, 2
423, 9, 2
407, 6, 2
59, 12, 1
87, 23, 0
203, 8, 1
197, 2, 2
87, 12, 1
296, 4, 1
237, 10, 0
328, 17, 1
282, 7, 0
166, 21, 2
387, 10, 1
553, 11, 0
150, 25, 1
62, 7, 0
300, 10, 1
242, 21, 1
29, 24, 0
145, 3, 0
17, 11, 2
147, 5, 0
442, 1, 0
118, 0, 2
607, 23, 2
251, 0, 0
91, 18, 0
416, 12, 2
186, 24, 1
419, 11, 1
431, 15, 1
221, 18, 2
16, 4, 1
108, 4, 2
45, 28, 2
439, 10, 1
36, 27, 1
130, 28, 0
76, 5, 1
367, 9, 2
84, 3, 0
328, 21, 1
34, 19, 0
154, 22, 1
471, 2, 0
762, 16, 0
364, 21, 1
787, 20, 0
161, 6, 0
705, 13, 2
111, 17, 0
67, 3, 1
672, 26, 2
379, 11, 2
31, 10, 1
394, 12, 1
285, 9, 2
233, 14, 2
78, 21, 2
141, 14, 0
750, 12, 1
291, 11, 0


260, 14, 2
206, 13, 1
195, 6, 0
294, 1, 0
761, 6, 1
29, 3, 1
383, 22, 0
383, 16, 0
258, 16, 0
325, 28, 0
147, 18, 2
43, 16, 1
406, 1, 0
383, 1, 2
172, 24, 2
293, 24, 2
449, 18, 0
184, 1, 0
40, 24, 2
254, 7, 2
685, 10, 0
404, 29, 0
208, 3, 1
58, 13, 2
175, 4, 2
403, 24, 1
11, 21, 2
222, 20, 2
658, 3, 2
294, 16, 2
241, 9, 1
810, 29, 0
703, 16, 1
327, 11, 2
334, 6, 0
162, 6, 1
274, 4, 1
219, 23, 1
225, 26, 1
415, 9, 1
871, 17, 2
752, 4, 1
238, 21, 0
144, 11, 0
596, 4, 2
43, 6, 1
59, 8, 0
189, 23, 1
123, 5, 2
206, 2, 1
269, 12, 0
70, 3, 2
154, 27, 0
374, 8, 2
178, 5, 0
253, 21, 1
41, 15, 0
299, 10, 2
256, 5, 0
101, 20, 2
440, 7, 0
74, 21, 1
607, 23, 2
691, 8, 2
71, 23, 2
234, 6, 1
277, 9, 1
443, 3, 0
104, 0, 2
210, 13, 0
889, 1, 1
207, 11, 1
136, 21, 1
254, 13, 1
133, 7, 1
675, 8, 1
103, 2, 1
122, 12, 1
867, 13, 0
429, 17, 2
287, 29, 0
170, 17, 0
471, 2, 0
122, 8, 2
0, 14, 2
111, 7, 1
293, 5, 0
34, 13, 2
428, 10, 2
18, 4, 1
238, 6, 2
84, 5, 1
218, 2, 2
86, 19, 2
24, 18, 2
178, 11, 1
459, 26, 0
805, 3, 2
288, 12, 2
388, 2, 0


595, 16, 1
261, 4, 2
365, 16, 0
231, 16, 0
140, 2, 2
46, 16, 2
245, 14, 1
52, 6, 2
290, 16, 0
125, 9, 0
156, 16, 2
254, 14, 0
319, 11, 2
324, 4, 1
198, 11, 0
9, 3, 0
889, 24, 1
17, 4, 2
122, 22, 1
71, 1, 1
59, 23, 1
272, 14, 2
14, 7, 0
424, 9, 2
49, 8, 1
104, 16, 2
33, 17, 0
297, 14, 0
605, 2, 1
847, 25, 2
41, 10, 1
28, 29, 0
177, 12, 2
288, 12, 2
89, 17, 0
240, 25, 0
440, 17, 1
8, 10, 1
699, 3, 0
97, 19, 1
393, 5, 2
410, 5, 2
183, 22, 2
117, 5, 1
470, 27, 1
220, 7, 1
189, 4, 2
240, 19, 1
243, 4, 0
217, 17, 0
134, 18, 2
856, 12, 2
108, 18, 2
282, 10, 1
378, 21, 2
401, 12, 0
127, 16, 0
22, 6, 0
138, 7, 0
256, 9, 0
73, 25, 0
265, 1, 1
226, 13, 1
379, 3, 1
156, 14, 2
276, 3, 1
308, 19, 2
33, 7, 1
211, 16, 2
447, 19, 0
296, 7, 0
258, 15, 2
336, 20, 2
348, 11, 2
418, 15, 0
343, 21, 1
142, 3, 1
271, 6, 1
383, 1, 1
175, 28, 1
231, 21, 0
26, 8, 2
82, 18, 0
44, 12, 1
467, 16, 1
374, 11, 1
10, 18, 2
361, 3, 2
315, 19, 2
75, 7, 0
148, 17, 1
290, 6, 1
39, 11, 2
107, 4, 0
207, 15, 0
4, 0, 1
253, 10, 0
84, 12, 1
149, 5, 1
253, 3, 2


595, 16, 1
262, 6, 1
412, 2, 0
129, 0, 0
115, 3, 2
253, 29, 2
245, 14, 1
449, 5, 2
290, 16, 0
325, 28, 0
443, 9, 2
111, 21, 0
269, 15, 0
154, 5, 0
323, 13, 0
887, 11, 0
431, 9, 2
184, 1, 0
71, 10, 0
356, 8, 2
267, 4, 2
39, 27, 0
714, 4, 1
234, 22, 2
175, 4, 2
403, 24, 1
30, 3, 0
226, 25, 1
397, 4, 2
708, 14, 1
289, 9, 1
85, 24, 0
128, 12, 1
327, 11, 2
221, 0, 1
153, 9, 1
191, 4, 2
42, 18, 0
180, 11, 1
13, 15, 0
871, 17, 2
752, 4, 1
316, 10, 2
144, 11, 0
255, 4, 0
838, 13, 0
278, 6, 0
394, 28, 1
161, 7, 0
283, 7, 0
401, 19, 1
187, 14, 0
427, 11, 2
487, 2, 1
22, 4, 1
671, 22, 1
22, 9, 2
134, 27, 1
238, 12, 0
263, 18, 1
76, 25, 2
201, 6, 1
247, 22, 1
443, 21, 2
220, 20, 0
16, 19, 0
281, 15, 1
313, 11, 1
89, 3, 1
69, 14, 0
49, 1, 0
240, 8, 0
55, 12, 1
116, 7, 1
160, 16, 2
447, 20, 1
26, 5, 2
308, 3, 0
280, 12, 1
440, 6, 0
303, 29, 1
102, 13, 1
418, 17, 0
97, 1, 2
303, 22, 0
372, 19, 1
360, 11, 1
33, 3, 1
507, 5, 2
421, 1, 1
128, 7, 2
168, 3, 1
729, 1, 2
115, 0, 2
438, 14, 1
233, 0, 0
171, 14, 1
217, 26, 0
270, 22, 1
580, 4, 1


35, 6, 1
285, 8, 1
430, 21, 2
826, 26, 1
441, 6, 2
68, 10, 0
463, 0, 2
122, 10, 1
46, 0, 2
67, 12, 2
180, 28, 1
392, 23, 2
283, 13, 1
400, 7, 0
356, 11, 1
327, 9, 2
235, 9, 1
39, 0, 1
320, 9, 1
424, 0, 1
362, 11, 0
170, 21, 1
225, 3, 0
346, 1, 0
5, 10, 0
230, 1, 1
198, 24, 2
55, 20, 2
199, 5, 0
222, 26, 1
86, 7, 0
880, 14, 1
377, 10, 0
668, 15, 0
182, 8, 0
188, 10, 1
117, 12, 2
10, 4, 0
194, 11, 0
116, 12, 0
121, 5, 1
87, 23, 0
93, 19, 0
224, 13, 1
6, 5, 0
296, 4, 1
449, 13, 2
241, 25, 1
227, 11, 2
166, 21, 2
102, 3, 0
164, 21, 2
150, 25, 1
62, 7, 0
300, 10, 1
296, 19, 1
22, 9, 2
366, 27, 2
288, 6, 2
140, 18, 1
119, 4, 2
289, 3, 1
548, 0, 2
44, 10, 1
268, 12, 1
545, 8, 1
780, 23, 2
130, 8, 2
103, 13, 1
306, 26, 2
52, 15, 1
91, 8, 1
382, 13, 2
336, 15, 1
67, 27, 0
83, 25, 0
268, 6, 0
764, 17, 1
204, 17, 1
34, 9, 0
305, 15, 2
269, 5, 2
74, 11, 1
310, 7, 2
402, 16, 2
278, 4, 1
360, 9, 1
27, 20, 0
134, 23, 2
111, 2, 0
263, 18, 0
244, 5, 2
6, 21, 1
406, 6, 1
450, 2, 1
232, 3, 0
425, 21, 0
247, 11, 0
340, 4, 1
148, 2, 1


9, 13, 0
71, 9, 1
408, 14, 2
95, 0, 0
871, 20, 1
187, 0, 2
219, 11, 0
45, 1, 2
372, 14, 0
64, 6, 0
84, 11, 1
103, 17, 0
365, 16, 2
32, 6, 0
324, 12, 2
116, 9, 2
431, 9, 2
446, 3, 2
240, 26, 2
119, 12, 0
79, 8, 1
123, 13, 1
264, 1, 2
7, 8, 1
55, 11, 1
403, 24, 1
286, 17, 2
264, 28, 1
397, 4, 2
173, 8, 0
274, 10, 2
420, 12, 2
271, 18, 0
399, 11, 1
355, 7, 0
394, 25, 2
383, 13, 2
446, 17, 1
699, 3, 0
169, 23, 1
400, 10, 0
318, 5, 2
36, 14, 0
234, 28, 0
228, 8, 1
232, 16, 1
158, 9, 0
445, 3, 0
138, 4, 1
380, 23, 1
208, 22, 2
420, 11, 0
238, 12, 2
189, 14, 2
53, 23, 2
62, 14, 1
147, 8, 2
414, 20, 1
25, 16, 0
352, 20, 1
157, 21, 2
731, 4, 2
248, 0, 2
205, 5, 2
455, 29, 2
225, 9, 1
165, 24, 2
315, 9, 1
304, 6, 1
264, 12, 2
889, 1, 1
240, 18, 0
191, 25, 2
258, 12, 1
280, 13, 0
675, 8, 1
253, 3, 2
110, 8, 1
867, 13, 0
154, 6, 1
307, 23, 0
174, 12, 1
471, 2, 0
762, 16, 0
0, 14, 2
301, 4, 0
435, 14, 0
72, 25, 0
497, 7, 1
95, 8, 2
17, 21, 2
21, 7, 0
95, 11, 2
86, 19, 2
135, 11, 1
554, 13, 2
459, 26, 0
805, 3, 2
240, 7, 2
85, 4, 0


595, 16, 1
300, 10, 2
412, 2, 0
791, 20, 2
174, 7, 1
253, 29, 2
245, 14, 1
449, 5, 2
290, 16, 0
325, 28, 0
364, 23, 1
111, 21, 0
269, 15, 0
154, 5, 0
323, 13, 0
237, 16, 0
198, 10, 2
184, 1, 0
543, 20, 0
91, 6, 2
37, 6, 2
39, 27, 0
714, 4, 1
374, 22, 0
175, 4, 2
260, 9, 1
30, 3, 0
264, 28, 1
265, 1, 1
207, 16, 0
202, 6, 0
44, 1, 2
434, 24, 1
73, 6, 1
221, 0, 1
72, 16, 1
424, 14, 2
42, 18, 0
180, 11, 1
13, 15, 0
871, 17, 2
752, 4, 1
316, 10, 2
144, 11, 0
255, 4, 0
438, 6, 0
278, 6, 0
394, 28, 1
101, 4, 0
283, 7, 0
217, 5, 1
187, 14, 0
133, 6, 2
487, 2, 1
95, 16, 2
446, 15, 0
22, 9, 2
196, 21, 2
288, 6, 2
140, 18, 1
159, 14, 0
289, 3, 1
548, 0, 2
421, 11, 1
269, 8, 0
416, 16, 1
260, 13, 0
58, 13, 2
157, 19, 1
369, 8, 2
889, 1, 1
222, 10, 2
62, 0, 0
408, 15, 0
322, 12, 0
340, 22, 1
8, 4, 1
80, 9, 2
112, 8, 0
218, 8, 1
59, 25, 1
48, 16, 2
238, 10, 1
243, 3, 0
95, 27, 1
357, 19, 1
345, 12, 0
213, 15, 2
40, 13, 1
38, 5, 0
345, 3, 0
431, 7, 1
149, 29, 0
177, 18, 1
106, 11, 0
233, 0, 0
122, 13, 2
166, 25, 2
19, 12, 0
129, 8, 0


32, 12, 0
171, 18, 2
247, 1, 0
284, 6, 1
296, 4, 2
752, 23, 1
81, 14, 2
512, 4, 1
140, 14, 2
135, 5, 0
446, 21, 2
703, 6, 2
483, 10, 0
401, 1, 2
77, 9, 2
280, 20, 0
370, 0, 0
598, 27, 1
253, 4, 2
144, 11, 2
307, 7, 2
821, 7, 2
206, 2, 1
349, 17, 0
344, 5, 2
73, 17, 1
814, 10, 0
232, 4, 1
180, 24, 0
182, 8, 2
148, 10, 1
369, 16, 0
640, 3, 0
162, 6, 1
329, 4, 2
386, 12, 0
289, 17, 0
283, 11, 1
115, 3, 0
123, 6, 2
314, 2, 1
312, 21, 2
18, 10, 2
219, 5, 1
358, 9, 2
103, 21, 2
204, 8, 0
27, 28, 1
163, 0, 0
428, 13, 0
8, 17, 0
263, 7, 1
424, 11, 1
94, 7, 1
111, 8, 1
253, 21, 1
116, 14, 2
411, 19, 1
179, 19, 1
188, 11, 2
228, 18, 2
12, 7, 2
128, 11, 1
219, 22, 1
361, 24, 0
113, 13, 0
816, 29, 2
69, 9, 1
332, 15, 2
353, 9, 2
889, 1, 1
43, 2, 0
228, 10, 2
393, 9, 0
171, 22, 1
195, 11, 2
10, 4, 2
136, 5, 0
266, 20, 2
239, 4, 2
336, 17, 0
24, 0, 2
46, 7, 1
231, 12, 2
48, 13, 2
17, 15, 0
316, 21, 1
54, 18, 0
336, 8, 1
169, 11, 2
47, 15, 2
77, 13, 2
415, 19, 0
1, 13, 1
62, 7, 0
225, 5, 2
155, 2, 2
38, 26, 1
270, 7, 2
401, 7, 1


595, 16, 1
94, 26, 2
177, 20, 1
231, 16, 0
6, 0, 0
177, 0, 0
245, 14, 1
52, 6, 2
290, 16, 0
125, 9, 0
138, 20, 2
254, 14, 0
319, 11, 2
154, 5, 0
326, 10, 0
887, 11, 0
292, 22, 0
82, 0, 1
424, 24, 0
353, 14, 2
239, 16, 1
227, 20, 0
39, 18, 2
88, 12, 1
106, 8, 2
375, 8, 2
24, 2, 1
161, 19, 2
249, 5, 0
290, 21, 1
445, 4, 1
880, 14, 1
381, 23, 1
10, 7, 2
165, 4, 1
211, 5, 0
347, 28, 1
118, 14, 2
260, 2, 0
133, 23, 1
314, 2, 1
104, 13, 1
439, 7, 1
219, 5, 1
342, 2, 0
32, 13, 0
91, 7, 1
299, 11, 0
163, 0, 0
435, 16, 1
8, 17, 0
263, 7, 1
148, 2, 0
424, 8, 0
722, 19, 1
321, 7, 1
392, 13, 1
274, 16, 1
426, 16, 1
47, 9, 2
119, 18, 0
200, 4, 2
247, 3, 2
31, 7, 0
424, 4, 2
220, 7, 1
284, 10, 1
515, 13, 0
407, 20, 1
306, 26, 2
62, 0, 0
335, 22, 0
358, 14, 2
321, 18, 1
218, 27, 1
295, 10, 1
433, 8, 2
85, 10, 0
867, 13, 0
177, 8, 1
27, 21, 0
265, 18, 2
471, 2, 0
63, 10, 2
406, 11, 1
91, 22, 2
75, 21, 0
417, 19, 0
378, 4, 2
49, 7, 2
135, 9, 1
275, 1, 2
246, 27, 1
241, 0, 2
258, 16, 2
554, 13, 2
459, 26, 0
805, 3, 2
193, 10, 0
339, 13, 0


595, 16, 1
100, 25, 0
365, 16, 0
231, 16, 0
6, 0, 0
428, 23, 2
245, 14, 1
448, 18, 1
290, 16, 0
125, 9, 0
138, 20, 2
282, 8, 2
84, 11, 0
154, 5, 0
11, 5, 0
453, 9, 2
292, 22, 0
184, 1, 0
424, 24, 0
353, 14, 2
239, 16, 1
332, 12, 0
546, 19, 2
88, 12, 1
35, 6, 2
151, 24, 0
296, 2, 1
161, 19, 2
249, 5, 0
290, 21, 1
445, 4, 1
880, 14, 1
216, 18, 1
269, 1, 1
221, 11, 2
345, 3, 0
347, 28, 1
173, 9, 2
260, 2, 0
225, 7, 1
314, 2, 1
752, 4, 1
27, 13, 1
144, 11, 0
596, 4, 2
43, 6, 1
164, 7, 2
9, 17, 1
602, 21, 2
44, 26, 2
269, 12, 0
59, 23, 1
76, 13, 1
374, 8, 2
414, 14, 2
253, 21, 1
316, 18, 1
180, 14, 2
256, 5, 0
334, 12, 0
276, 12, 1
74, 21, 1
116, 13, 1
92, 5, 2
21, 16, 2
234, 6, 1
347, 10, 0
191, 7, 2
104, 0, 2
145, 8, 0
439, 14, 0
207, 11, 1
417, 18, 2
202, 18, 1
104, 8, 2
372, 21, 1
193, 6, 2
155, 7, 0
433, 23, 0
401, 13, 2
87, 22, 0
265, 18, 2
471, 2, 0
63, 10, 2
309, 14, 0
205, 21, 1
152, 6, 0
49, 1, 1
497, 7, 1
336, 10, 1
235, 16, 2
275, 1, 2
185, 3, 2
141, 20, 2
11, 21, 1
554, 13, 2
459, 26, 0
303, 22, 2
193, 10, 0
175, 2, 1


9, 13, 0
71, 9, 1
408, 14, 2
95, 0, 0
871, 20, 1
187, 0, 2
219, 11, 0
16, 0, 2
372, 14, 0
295, 4, 2
84, 11, 1
37, 14, 2
141, 5, 0
32, 6, 0
324, 12, 2
113, 13, 2
12, 0, 0
215, 5, 0
428, 21, 0
3, 12, 0
122, 10, 1
135, 20, 0
117, 13, 0
196, 11, 1
97, 3, 2
224, 15, 2
23, 18, 2
238, 16, 1
199, 14, 0
32, 25, 2
51, 11, 2
880, 14, 1
212, 16, 1
184, 17, 1
254, 3, 1
235, 6, 2
242, 3, 2
152, 20, 1
159, 10, 1
202, 19, 2
65, 7, 2
345, 14, 0
30, 15, 2
41, 6, 1
105, 13, 2
337, 21, 2
282, 4, 2
339, 22, 1
140, 8, 0
163, 7, 0
155, 25, 1
650, 22, 0
156, 3, 0
189, 14, 2
81, 8, 1
671, 22, 1
318, 5, 1
177, 28, 1
0, 3, 0
173, 19, 2
158, 19, 0
268, 5, 1
174, 18, 0
115, 4, 2
292, 16, 1
54, 20, 0
255, 15, 0
28, 8, 1
306, 20, 2
396, 9, 0
61, 3, 2
300, 8, 2
438, 17, 2
112, 20, 0
97, 16, 2
385, 9, 2
214, 4, 0
37, 0, 1
424, 11, 1
314, 22, 0
269, 16, 2
265, 18, 2
106, 4, 2
762, 16, 0
425, 8, 1
316, 6, 0
364, 15, 1
161, 2, 1
400, 19, 0
203, 10, 2
313, 3, 0
184, 3, 1
391, 23, 0
363, 0, 2
236, 22, 1
170, 0, 2
410, 3, 0
290, 14, 2
125, 17, 0
222, 1, 0


334, 17, 2
338, 11, 1
872, 5, 1
791, 20, 2
761, 6, 1
100, 25, 1
114, 15, 0
64, 11, 1
290, 16, 0
67, 12, 2
501, 24, 1
392, 23, 2
72, 9, 0
263, 10, 1
414, 17, 0
355, 8, 1
256, 18, 2
111, 5, 2
320, 9, 1
170, 10, 0
357, 20, 0
210, 12, 1
64, 1, 1
183, 13, 2
285, 4, 2
191, 21, 0
52, 14, 2
254, 10, 1
6, 9, 1
222, 26, 1
307, 1, 2
880, 14, 1
96, 8, 2
668, 15, 0
443, 12, 1
119, 11, 2
14, 18, 1
225, 10, 2
423, 9, 2
407, 6, 2
59, 12, 1
87, 23, 0
203, 8, 1
192, 8, 2
87, 12, 1
179, 13, 1
237, 10, 0
328, 17, 1
397, 7, 1
166, 21, 2
387, 10, 1
553, 11, 0
150, 25, 1
62, 7, 0
438, 9, 0
242, 21, 1
29, 24, 0
145, 3, 0
17, 11, 2
147, 5, 0
442, 1, 0
118, 0, 2
607, 23, 2
68, 5, 0
136, 20, 2
416, 12, 2
186, 24, 1
2, 15, 1
431, 15, 1
308, 5, 1
889, 1, 1
60, 21, 0
369, 16, 1
428, 2, 0
269, 12, 0
7, 12, 2
103, 2, 1
377, 14, 2
126, 1, 1
274, 7, 1
274, 26, 0
250, 18, 2
471, 2, 0
762, 16, 0
0, 14, 2
207, 9, 0
397, 23, 2
72, 25, 0
22, 8, 1
40, 5, 0
394, 15, 2
84, 5, 1
135, 18, 0
390, 9, 1
10, 26, 1
554, 13, 2
459, 26, 0
351, 19, 0
112, 22, 2
149, 4, 2


32, 12, 0
374, 0, 1
101, 22, 2
699, 4, 1
296, 4, 2
752, 23, 1
769, 26, 0
512, 4, 1
140, 14, 2
135, 5, 0
446, 21, 2
703, 6, 2
483, 10, 0
126, 7, 2
119, 16, 1
596, 14, 0
449, 18, 0
184, 1, 0
40, 24, 2
91, 6, 2
685, 10, 0
117, 18, 2
36, 5, 2
303, 12, 0
364, 12, 2
403, 24, 1
30, 3, 0
246, 14, 0
658, 3, 2
708, 14, 1
241, 9, 1
810, 29, 0
288, 21, 0
327, 11, 2
55, 19, 2
390, 6, 0
434, 15, 0
84, 20, 1
225, 26, 1
415, 9, 1
871, 17, 2
752, 4, 1
238, 21, 0
144, 11, 0
596, 4, 2
43, 6, 1
59, 8, 0
9, 17, 1
602, 21, 2
206, 2, 1
269, 12, 0
59, 23, 1
154, 27, 0
374, 8, 2
414, 14, 2
253, 21, 1
28, 16, 0
35, 21, 2
256, 5, 0
291, 16, 1
440, 7, 0
74, 21, 1
607, 23, 2
691, 8, 2
21, 16, 2
234, 6, 1
347, 10, 0
108, 5, 0
104, 0, 2
145, 8, 0
889, 1, 1
207, 11, 1
417, 18, 2
254, 13, 1
133, 7, 1
372, 21, 1
193, 6, 2
367, 9, 2
867, 13, 0
401, 13, 2
307, 14, 1
265, 18, 2
471, 2, 0
63, 10, 2
116, 8, 1
91, 22, 2
355, 25, 0
161, 2, 1
497, 7, 1
49, 7, 2
217, 8, 1
275, 1, 2
296, 22, 1
141, 20, 2
258, 16, 2
554, 13, 2
459, 26, 0
805, 3, 2
193, 10, 0
57, 5, 2


337, 6, 1
13, 13, 2
31, 15, 2
182, 0, 1
105, 3, 2
412, 10, 0
289, 9, 0
709, 15, 2
40, 3, 1
125, 12, 0
580, 15, 2
636, 25, 2
386, 19, 1
290, 7, 0
397, 6, 0
46, 24, 2
437, 6, 0
212, 16, 0
219, 10, 1
281, 13, 1
193, 18, 2
207, 19, 0
105, 1, 2
135, 17, 0
255, 19, 0
363, 14, 2
79, 21, 2
181, 10, 1
218, 9, 0
285, 7, 1
373, 10, 0
76, 7, 1
291, 22, 2
122, 0, 1
65, 6, 2
106, 12, 1
145, 14, 2
268, 10, 2
146, 11, 0
241, 4, 0
397, 22, 2
315, 11, 1
300, 17, 1
219, 13, 2
211, 24, 2
283, 23, 1
384, 6, 0
431, 27, 2
212, 7, 1
362, 24, 1
61, 20, 0
269, 16, 0
53, 23, 1
53, 7, 0
336, 12, 2
94, 0, 0
171, 27, 1
245, 24, 2
17, 5, 2
353, 9, 2
382, 4, 1
74, 21, 1
607, 23, 2
140, 3, 2
152, 16, 1
432, 13, 2
816, 29, 2
399, 18, 2
86, 21, 0
291, 17, 2
889, 1, 1
299, 6, 2
352, 11, 1
254, 13, 1
160, 29, 0
675, 8, 1
92, 0, 0
367, 9, 2
115, 12, 1
6, 12, 1
344, 26, 1
370, 1, 2
90, 7, 0
319, 28, 0
233, 23, 0
152, 12, 2
113, 11, 1
14, 14, 2
83, 13, 1
239, 7, 1
98, 25, 0
113, 3, 0
255, 25, 1
73, 7, 0
120, 8, 0
209, 4, 2
151, 5, 2
351, 11, 0
260, 5, 2
155, 7, 0


32, 12, 0
171, 18, 2
101, 22, 2
246, 1, 2
296, 3, 2
752, 23, 1
769, 26, 0
512, 4, 1
140, 14, 2
135, 5, 0
446, 21, 2
703, 6, 2
119, 6, 1
378, 8, 1
431, 20, 2
280, 20, 0
100, 6, 0
598, 27, 1
253, 4, 2
262, 8, 2
307, 7, 2
821, 7, 2
206, 2, 1
237, 9, 1
368, 4, 2
394, 20, 2
189, 13, 1
218, 27, 1
558, 22, 1
202, 21, 2
51, 0, 0
202, 11, 2
362, 18, 0
331, 2, 1
50, 27, 0
61, 22, 0
292, 28, 0
123, 12, 2
200, 23, 2
219, 20, 0
0, 6, 2
299, 13, 0
238, 21, 0
83, 5, 1
358, 6, 2
69, 16, 1
48, 3, 1
106, 18, 0
602, 21, 2
233, 14, 2
62, 6, 0
393, 10, 1
18, 1, 2
9, 6, 1
195, 0, 0
24, 14, 2
345, 8, 1
299, 10, 2
256, 5, 0
3, 10, 0
162, 24, 0
244, 7, 2
93, 6, 2
421, 11, 1
269, 8, 0
296, 8, 1
260, 13, 0
419, 11, 1
411, 19, 1
390, 10, 1
889, 1, 1
386, 6, 2
169, 15, 2
330, 20, 0
322, 12, 0
157, 20, 0
214, 4, 0
367, 9, 2
264, 24, 0
328, 21, 1
268, 0, 2
370, 1, 2
355, 9, 0
762, 16, 0
163, 13, 0
215, 15, 1
186, 8, 1
129, 7, 1
212, 8, 1
670, 8, 1
146, 21, 0
113, 3, 0
84, 24, 0
283, 5, 0
17, 9, 0
221, 6, 0
459, 26, 0
805, 3, 2
332, 4, 0
179, 19, 1


35, 6, 1
285, 8, 1
430, 21, 2
826, 26, 1
441, 6, 2
889, 26, 1
463, 0, 2
284, 8, 0
46, 0, 2
67, 12, 2
180, 28, 1
392, 23, 2
283, 13, 1
400, 7, 0
356, 11, 1
355, 8, 1
235, 9, 1
205, 9, 1
320, 9, 1
424, 0, 1
362, 11, 0
170, 21, 1
225, 3, 0
346, 1, 0
5, 10, 0
230, 1, 1
198, 24, 2
55, 20, 2
158, 10, 2
222, 26, 1
86, 7, 0
880, 14, 1
377, 10, 0
668, 15, 0
182, 8, 0
188, 10, 1
117, 12, 2
10, 4, 0
194, 11, 0
116, 12, 0
59, 12, 1
87, 23, 0
93, 19, 0
224, 13, 1
152, 10, 1
296, 4, 1
449, 13, 2
241, 25, 1
227, 11, 2
166, 21, 2
102, 3, 0
77, 18, 0
150, 25, 1
62, 7, 0
300, 10, 1
311, 3, 1
263, 26, 1
400, 18, 2
17, 11, 2
147, 5, 0
340, 9, 2
65, 1, 2
607, 23, 2
88, 4, 1
102, 24, 0
416, 12, 2
302, 12, 0
419, 11, 1
431, 15, 1
350, 16, 0
329, 16, 0
108, 4, 2
139, 12, 0
77, 3, 0
36, 27, 1
130, 28, 0
76, 5, 1
208, 10, 1
84, 3, 0
222, 6, 1
276, 27, 0
347, 26, 0
471, 2, 0
762, 16, 0
364, 21, 1
214, 2, 0
161, 6, 0
705, 13, 2
417, 15, 0
233, 3, 1
251, 6, 2
140, 2, 2
124, 19, 0
163, 5, 1
229, 20, 0
342, 9, 2
46, 19, 2
417, 23, 0
775, 26, 2
257, 7, 1


260, 14, 2
1, 8, 1
330, 12, 1
162, 5, 0
761, 6, 1
166, 4, 1
383, 22, 0
52, 6, 2
258, 16, 0
170, 13, 0
188, 19, 2
44, 14, 0
297, 19, 2
860, 0, 1
37, 24, 1
35, 7, 2
279, 3, 0
150, 6, 2
304, 20, 0
252, 20, 1
176, 2, 1
111, 11, 0
309, 7, 2
136, 9, 1
50, 1, 2
102, 6, 2
179, 2, 0
362, 24, 2
455, 23, 0
157, 12, 2
84, 12, 2
880, 14, 1
157, 6, 0
668, 15, 0
125, 14, 2
29, 6, 1
14, 21, 1
860, 9, 1
20, 7, 1
387, 8, 0
286, 6, 2
428, 9, 1
141, 6, 2
219, 5, 1
357, 17, 1
127, 23, 1
580, 13, 0
73, 8, 2
244, 22, 1
342, 16, 1
187, 12, 2
222, 15, 1
209, 21, 1
133, 0, 0
391, 10, 2
179, 12, 2
486, 16, 2
242, 11, 2
277, 13, 1
260, 8, 1
168, 5, 1
212, 8, 2
118, 6, 1
2, 10, 0
54, 21, 2
67, 13, 1
317, 5, 1
86, 25, 0
6, 13, 1
280, 13, 2
82, 24, 2
41, 5, 2
402, 6, 0
348, 11, 2
147, 17, 2
377, 2, 1
1, 2, 0
764, 17, 1
93, 20, 2
381, 23, 2
253, 21, 0
426, 18, 2
205, 6, 2
134, 12, 1
399, 25, 1
187, 15, 0
235, 17, 1
307, 18, 0
71, 12, 1
98, 2, 0
159, 22, 0
355, 8, 0
283, 5, 1
402, 19, 1
298, 15, 0
145, 0, 2
159, 14, 2
805, 3, 2
420, 6, 2
179, 19, 1


210, 18, 1
21, 2, 1
101, 22, 2
66, 3, 2
296, 4, 2
261, 25, 1
38, 21, 1
512, 4, 1
140, 14, 2
186, 17, 0
148, 18, 2
232, 13, 2
241, 1, 0
190, 4, 2
119, 16, 1
10, 8, 1
449, 18, 0
97, 1, 1
189, 18, 0
91, 6, 2
685, 10, 0
117, 11, 1
121, 2, 1
340, 12, 0
31, 2, 2
403, 24, 1
30, 3, 0
359, 11, 1
658, 3, 2
44, 6, 0
241, 9, 1
810, 29, 0
288, 21, 0
327, 11, 2
55, 19, 2
390, 6, 0
109, 4, 1
84, 20, 1
298, 22, 0
415, 9, 1
261, 9, 1
752, 4, 1
159, 11, 2
386, 5, 1
596, 4, 2
319, 14, 1
59, 8, 0
9, 17, 1
168, 12, 2
237, 0, 0
409, 13, 0
62, 21, 0
154, 27, 0
374, 8, 2
414, 14, 2
253, 21, 1
28, 16, 0
268, 27, 1
166, 6, 1
291, 16, 1
283, 9, 2
74, 21, 1
607, 23, 2
691, 8, 2
21, 16, 2
234, 6, 1
74, 15, 1
108, 5, 0
104, 0, 2
228, 9, 1
889, 1, 1
207, 11, 1
118, 25, 2
321, 18, 1
287, 9, 1
295, 10, 1
63, 7, 2
64, 15, 0
257, 15, 1
400, 23, 0
457, 29, 1
95, 29, 0
363, 1, 1
113, 7, 2
379, 6, 2
429, 17, 1
143, 9, 0
199, 10, 1
172, 8, 2
240, 5, 2
159, 22, 0
244, 11, 2
442, 2, 2
215, 11, 2
316, 0, 2
132, 7, 2
356, 13, 1
333, 14, 1
222, 8, 2
179, 19, 1


595, 16, 1
100, 25, 0
365, 16, 0
231, 16, 0
67, 0, 2
222, 24, 2
245, 14, 1
52, 6, 2
290, 16, 0
125, 9, 0
156, 16, 2
254, 14, 0
319, 11, 2
203, 11, 0
326, 10, 0
887, 11, 0
292, 22, 0
184, 1, 0
424, 24, 0
353, 14, 2
138, 5, 0
227, 20, 0
546, 19, 2
88, 12, 1
35, 6, 2
375, 8, 2
296, 2, 1
161, 19, 2
249, 5, 0
290, 21, 1
445, 4, 1
880, 14, 1
216, 18, 1
227, 14, 0
165, 4, 1
345, 3, 0
347, 28, 1
251, 3, 0
184, 18, 0
133, 23, 1
223, 6, 0
312, 21, 2
188, 13, 0
219, 5, 1
7, 11, 0
32, 13, 0
91, 7, 1
159, 9, 2
163, 0, 0
435, 16, 1
8, 17, 0
362, 11, 1
148, 2, 0
232, 6, 0
262, 3, 0
97, 2, 2
392, 13, 1
274, 16, 1
175, 8, 2
47, 9, 2
119, 18, 0
731, 4, 2
247, 3, 2
428, 8, 0
330, 18, 0
545, 8, 1
113, 0, 0
427, 3, 2
80, 20, 1
324, 13, 1
35, 7, 0
441, 22, 2
199, 24, 2
388, 17, 0
421, 14, 0
239, 28, 1
178, 1, 2
308, 3, 0
348, 0, 1
78, 16, 2
406, 17, 1
359, 18, 0
280, 5, 2
208, 3, 0
12, 26, 1
235, 4, 1
401, 29, 1
404, 10, 2
245, 20, 0
12, 13, 2
398, 5, 1
400, 2, 1
77, 29, 0
275, 8, 2
227, 9, 1
180, 0, 2
171, 14, 1
409, 10, 1
270, 22, 1
27, 0, 0


4, 9, 2
348, 7, 0
366, 24, 2
281, 2, 2
220, 12, 1
337, 11, 1
246, 16, 0
140, 27, 0
176, 10, 2
242, 9, 0
105, 25, 1
180, 5, 2
104, 0, 0
277, 12, 0
77, 9, 2
117, 16, 2
131, 5, 1
598, 27, 1
253, 4, 2
207, 7, 1
307, 7, 2
421, 14, 0
206, 2, 1
237, 9, 1
368, 4, 2
423, 17, 0
345, 16, 0
218, 27, 1
558, 22, 1
105, 14, 1
116, 5, 1
204, 16, 0
244, 24, 1
124, 1, 0
122, 24, 0
286, 15, 1
292, 28, 0
16, 13, 1
200, 23, 2
219, 20, 0
0, 6, 2
299, 13, 0
238, 21, 0
222, 11, 2
399, 12, 1
372, 17, 2
22, 6, 0
106, 18, 0
602, 21, 2
233, 14, 2
62, 6, 0
436, 16, 1
362, 24, 0
206, 6, 2
37, 3, 1
285, 19, 2
144, 7, 1
86, 7, 0
290, 13, 2
114, 16, 2
345, 10, 2
80, 11, 1
607, 23, 2
163, 6, 0
430, 7, 2
382, 4, 0
44, 21, 2
174, 12, 1
201, 1, 2
273, 8, 2
146, 18, 0
325, 2, 0
389, 26, 1
336, 16, 1
67, 27, 0
236, 2, 1
86, 9, 0
374, 7, 2
56, 0, 1
209, 3, 2
275, 29, 0
159, 13, 2
408, 4, 2
329, 10, 2
268, 13, 0
313, 13, 2
150, 16, 1
276, 14, 2
101, 3, 0
250, 6, 2
159, 22, 0
213, 10, 0
192, 10, 2
343, 19, 1
16, 7, 1
554, 13, 2
89, 16, 2
296, 17, 1
137, 15, 0
42, 0, 1


590, 1, 2
378, 18, 2
242, 15, 0
817, 19, 0
240, 20, 2
535, 15, 0
556, 12, 1
625, 11, 0
300, 9, 2
382, 7, 1
74, 14, 0
291, 27, 1
809, 1, 1
840, 11, 0
767, 21, 1
882, 3, 0
875, 18, 1
402, 22, 2
703, 9, 2
56, 5, 1
306, 26, 2
507, 6, 2
385, 19, 2
219, 9, 0
786, 6, 0
280, 8, 2
657, 24, 1
439, 20, 2
528, 22, 2
150, 24, 2
247, 11, 1
23, 10, 1
84, 15, 1
287, 15, 0
344, 16, 1
584, 7, 2
115, 15, 2
29, 25, 2
884, 21, 0
48, 27, 1
395, 25, 1
298, 2, 1
522, 19, 2
578, 24, 1
649, 3, 0
273, 12, 0
816, 15, 2
228, 24, 1
810, 7, 1
700, 15, 2
265, 20, 1
205, 0, 2
529, 9, 0
617, 18, 1
111, 11, 0
651, 20, 2
738, 9, 2
134, 17, 1
19, 20, 2
87, 13, 2
699, 21, 0
222, 24, 1
41, 15, 2
233, 21, 1
341, 19, 2
396, 10, 0
18, 16, 2
185, 7, 0
816, 14, 2
633, 17, 0
99, 2, 0
294, 21, 2
598, 19, 1
212, 17, 1
827, 3, 1
460, 3, 2
214, 10, 0
410, 5, 2
100, 13, 2
102, 6, 0
58, 24, 0
176, 7, 2
409, 8, 2
554, 27, 0
229, 15, 0
290, 6, 0
189, 8, 2
132, 5, 2
870, 27, 1
303, 17, 0
625, 19, 0
198, 25, 0
317, 25, 1
331, 13, 1
258, 10, 2
404, 23, 2
427, 12, 0
670, 11, 2
725, 18, 2
111, 3, 2


