Result Log:


Problem instance: config/50Shapes.txt
Random number generator seed: 10021996
Parameters:
	parentSelectionTournamentSize: 4
	seed: 10021996
	solFilePath: ./sol/quickRunSol
	convergenceCriterion: 5
	parentSelectionMethod: kTournament
	fitnessEvals: 5000
	logWriter: java.io.PrintWriter@5ca881b5
	showConfig: true
	selfAdaptiveMutationRate: false
	survivalStrategy: Plus
	solWriter: java.io.PrintWriter@24d46ca6
	survivorSelectionTournamentSize: 4
	numChildren: 50
	mutationRate: 0.75
	debug: true
	searchType: EvolutionarySearch
	survivorSelectionMethod: kTournament
	penaltyCoefficient: 0.33
	seedSpecified: true
	showShapes: true
	parentsPerChild: 5
	logFilePath: ./log/quickRunLog
	numCrossoverPoints: 4
	populationSize: 100
	multiaryOperator: nPointCrossover
	runs: 5
	constraintSatisfaction: repair

Run 0: 
100	4.784688995215311E-5	0.10047846889952153	5.0E-4	0.15
150	3.827751196172249E-4	0.37320574162679426	5.0E-4	0.2
200	0.0015789473684210526	0.37320574162679426	5.0E-4	0.2
250	5.741626794258373E-4	0.5167464114832536	5.0E-4	0.3
300	0.0012440191387559807	0.5358851674641149	5.0E-4	0.3
350	0.0013397129186602872	0.5358851674641149	5.0E-4	0.3
400	9.569377990430622E-5	0.5358851674641149	5.0E-4	0.3
450	4.784688995215311E-5	0.5358851674641149	0.0015	0.3
500	1.9138755980861245E-4	0.5358851674641149	5.0E-4	0.3
550	1.9138755980861245E-4	0.5358851674641149	5.0E-4	0.3
600	1.9138755980861245E-4	0.5358851674641149	5.0E-4	0.3
650	1.9138755980861245E-4	0.5358851674641149	5.0E-4	0.3
700	1.9138755980861245E-4	0.5358851674641149	5.0E-4	0.3
750	1.9138755980861245E-4	0.5358851674641149	5.0E-4	0.3
800	1.9138755980861245E-4	0.5358851674641149	5.0E-4	0.3
850	1.9138755980861245E-4	0.5358851674641149	5.0E-4	0.3
900	1.9138755980861245E-4	0.5358851674641149	5.0E-4	0.3
950	1.9138755980861245E-4	0.5358851674641149	5.0E-4	0.3
1000	1.9138755980861245E-4	0.5358851674641149	5.0E-4	0.3
1050	1.9138755980861245E-4	0.5358851674641149	5.0E-4	0.3
1100	1.9138755980861245E-4	0.5358851674641149	5.0E-4	0.3
1150	1.9138755980861245E-4	0.5358851674641149	5.0E-4	0.3
1200	1.9138755980861245E-4	0.5358851674641149	5.0E-4	0.3
1250	1.9138755980861245E-4	0.5358851674641149	5.0E-4	0.3
1300	1.9138755980861245E-4	0.5358851674641149	5.0E-4	0.3
1350	1.9138755980861245E-4	0.5358851674641149	5.0E-4	0.3
1400	1.9138755980861245E-4	0.5358851674641149	5.0E-4	0.3
1450	1.9138755980861245E-4	0.5358851674641149	5.0E-4	0.3
1500	1.9138755980861245E-4	0.5358851674641149	5.0E-4	0.3
1550	1.9138755980861245E-4	0.5358851674641149	5.0E-4	0.3
1600	1.9138755980861245E-4	0.5358851674641149	5.0E-4	0.3
1650	1.9138755980861245E-4	0.5358851674641149	5.0E-4	0.3
1700	1.9138755980861245E-4	0.5358851674641149	5.0E-4	0.3
1750	1.9138755980861245E-4	0.5358851674641149	5.0E-4	0.3
1800	1.9138755980861245E-4	0.5358851674641149	5.0E-4	0.3
1850	1.9138755980861245E-4	0.5358851674641149	5.0E-4	0.3
1900	1.9138755980861245E-4	0.5358851674641149	5.0E-4	0.3
1950	1.9138755980861245E-4	0.5358851674641149	5.0E-4	0.3
2000	1.9138755980861245E-4	0.5358851674641149	5.0E-4	0.3
2050	1.9138755980861245E-4	0.5358851674641149	5.0E-4	0.3
2100	1.9138755980861245E-4	0.5358851674641149	5.0E-4	0.3
2150	1.9138755980861245E-4	0.5358851674641149	5.0E-4	0.3
2200	1.9138755980861245E-4	0.5358851674641149	5.0E-4	0.3
2250	1.9138755980861245E-4	0.5358851674641149	5.0E-4	0.3
2300	1.9138755980861245E-4	0.5358851674641149	5.0E-4	0.3
2350	1.9138755980861245E-4	0.5358851674641149	5.0E-4	0.3
2400	1.9138755980861245E-4	0.5358851674641149	5.0E-4	0.3
2450	1.9138755980861245E-4	0.5358851674641149	5.0E-4	0.3
2500	1.9138755980861245E-4	0.5358851674641149	5.0E-4	0.3
2550	1.9138755980861245E-4	0.5358851674641149	5.0E-4	0.3
2600	1.9138755980861245E-4	0.5358851674641149	5.0E-4	0.3
2650	1.9138755980861245E-4	0.5358851674641149	5.0E-4	0.3
2700	1.9138755980861245E-4	0.5358851674641149	5.0E-4	0.3
2750	1.9138755980861245E-4	0.5358851674641149	5.0E-4	0.3
2800	1.9138755980861245E-4	0.5358851674641149	5.0E-4	0.3
2850	1.9138755980861245E-4	0.5358851674641149	5.0E-4	0.3
2900	1.9138755980861245E-4	0.5358851674641149	5.0E-4	0.3
2950	1.9138755980861245E-4	0.5358851674641149	5.0E-4	0.3
3000	1.9138755980861245E-4	0.5358851674641149	5.0E-4	0.3
3050	1.9138755980861245E-4	0.5358851674641149	5.0E-4	0.3
3100	1.9138755980861245E-4	0.5358851674641149	5.0E-4	0.3
3150	1.9138755980861245E-4	0.5358851674641149	5.0E-4	0.3
3200	1.9138755980861245E-4	0.5358851674641149	5.0E-4	0.3
3250	1.9138755980861245E-4	0.5358851674641149	5.0E-4	0.3
3300	1.9138755980861245E-4	0.5358851674641149	5.0E-4	0.3
3350	1.9138755980861245E-4	0.5358851674641149	5.0E-4	0.3
3400	1.9138755980861245E-4	0.5358851674641149	5.0E-4	0.3
3450	1.9138755980861245E-4	0.5358851674641149	5.0E-4	0.3
3500	1.9138755980861245E-4	0.5358851674641149	5.0E-4	0.3
3550	1.9138755980861245E-4	0.5358851674641149	5.0E-4	0.3
3600	1.9138755980861245E-4	0.5358851674641149	5.0E-4	0.3
3650	1.9138755980861245E-4	0.5358851674641149	5.0E-4	0.3
3700	1.9138755980861245E-4	0.5358851674641149	5.0E-4	0.3
3750	1.9138755980861245E-4	0.5358851674641149	5.0E-4	0.3
3800	1.9138755980861245E-4	0.5358851674641149	5.0E-4	0.3
3850	1.9138755980861245E-4	0.5358851674641149	5.0E-4	0.3
3900	1.9138755980861245E-4	0.5358851674641149	5.0E-4	0.3
3950	1.9138755980861245E-4	0.5358851674641149	5.0E-4	0.3
4000	1.9138755980861245E-4	0.5358851674641149	5.0E-4	0.3
4050	1.9138755980861245E-4	0.5358851674641149	5.0E-4	0.3
4100	1.9138755980861245E-4	0.5358851674641149	5.0E-4	0.3
4150	1.9138755980861245E-4	0.5358851674641149	5.0E-4	0.3
4200	1.9138755980861245E-4	0.5358851674641149	5.0E-4	0.3
4250	1.9138755980861245E-4	0.5358851674641149	5.0E-4	0.3
4300	1.9138755980861245E-4	0.5358851674641149	5.0E-4	0.3
4350	1.9138755980861245E-4	0.5358851674641149	5.0E-4	0.3
4400	1.9138755980861245E-4	0.5358851674641149	5.0E-4	0.3
4450	1.9138755980861245E-4	0.5358851674641149	5.0E-4	0.3
4500	1.9138755980861245E-4	0.5358851674641149	5.0E-4	0.3
4550	1.9138755980861245E-4	0.5358851674641149	5.0E-4	0.3
4600	1.9138755980861245E-4	0.5358851674641149	5.0E-4	0.3
4650	1.9138755980861245E-4	0.5358851674641149	5.0E-4	0.3
4700	1.9138755980861245E-4	0.5358851674641149	5.0E-4	0.3
4750	1.9138755980861245E-4	0.5358851674641149	5.0E-4	0.3
4800	1.9138755980861245E-4	0.5358851674641149	5.0E-4	0.3
4850	1.9138755980861245E-4	0.5358851674641149	5.0E-4	0.3
4900	1.9138755980861245E-4	0.5358851674641149	5.0E-4	0.3
4950	1.9138755980861245E-4	0.5358851674641149	5.0E-4	0.3
5000	1.9138755980861245E-4	0.5358851674641149	5.0E-4	0.3

Run 1: 
100	4.784688995215311E-5	0.09569377990430622	5.0E-4	0.1
150	4.784688995215311E-4	0.3875598086124402	5.0E-4	0.2
200	1.4354066985645933E-4	0.3875598086124402	5.0E-4	0.2
250	9.569377990430622E-5	0.48325358851674644	5.0E-4	0.2
300	0.0010047846889952154	0.49760765550239233	5.0E-4	0.2
350	2.8708133971291867E-4	0.5023923444976076	0.001	0.25
400	6.220095693779904E-4	0.5023923444976076	5.0E-4	0.25
450	4.784688995215311E-5	0.5215311004784688	5.0E-4	0.25
500	4.784688995215311E-5	0.5215311004784688	5.0E-4	0.25
550	0.0012440191387559807	0.5215311004784688	5.0E-4	0.25
600	9.569377990430622E-5	0.5215311004784688	5.0E-4	0.25
650	5.741626794258373E-4	0.5215311004784688	5.0E-4	0.3
700	4.784688995215311E-4	0.5502392344497608	5.0E-4	0.3
750	4.784688995215311E-4	0.5502392344497608	5.0E-4	0.3
800	4.784688995215311E-4	0.5502392344497608	5.0E-4	0.3
850	4.784688995215311E-4	0.5502392344497608	5.0E-4	0.3
900	4.784688995215311E-4	0.5502392344497608	5.0E-4	0.3
950	4.784688995215311E-4	0.5502392344497608	5.0E-4	0.3
1000	4.784688995215311E-4	0.5502392344497608	5.0E-4	0.3
1050	4.784688995215311E-4	0.5502392344497608	5.0E-4	0.3
1100	4.784688995215311E-4	0.5502392344497608	5.0E-4	0.3
1150	4.784688995215311E-4	0.5502392344497608	5.0E-4	0.3
1200	4.784688995215311E-4	0.5502392344497608	5.0E-4	0.3
1250	4.784688995215311E-4	0.5502392344497608	5.0E-4	0.3
1300	4.784688995215311E-4	0.5502392344497608	5.0E-4	0.3
1350	4.784688995215311E-4	0.5502392344497608	5.0E-4	0.3
1400	4.784688995215311E-4	0.5502392344497608	5.0E-4	0.3
1450	4.784688995215311E-4	0.5502392344497608	5.0E-4	0.3
1500	4.784688995215311E-4	0.5502392344497608	5.0E-4	0.3
1550	4.784688995215311E-4	0.5502392344497608	5.0E-4	0.3
1600	4.784688995215311E-4	0.5502392344497608	5.0E-4	0.3
1650	4.784688995215311E-4	0.5502392344497608	5.0E-4	0.3
1700	4.784688995215311E-4	0.5502392344497608	5.0E-4	0.3
1750	4.784688995215311E-4	0.5502392344497608	5.0E-4	0.3
1800	4.784688995215311E-4	0.5502392344497608	5.0E-4	0.3
1850	4.784688995215311E-4	0.5502392344497608	5.0E-4	0.3
1900	4.784688995215311E-4	0.5502392344497608	5.0E-4	0.3
1950	4.784688995215311E-4	0.5502392344497608	5.0E-4	0.3
2000	4.784688995215311E-4	0.5502392344497608	5.0E-4	0.3
2050	4.784688995215311E-4	0.5502392344497608	5.0E-4	0.3
2100	4.784688995215311E-4	0.5502392344497608	5.0E-4	0.3
2150	4.784688995215311E-4	0.5502392344497608	5.0E-4	0.3
2200	4.784688995215311E-4	0.5502392344497608	5.0E-4	0.3
2250	4.784688995215311E-4	0.5502392344497608	5.0E-4	0.3
2300	4.784688995215311E-4	0.5502392344497608	5.0E-4	0.3
2350	4.784688995215311E-4	0.5502392344497608	5.0E-4	0.3
2400	4.784688995215311E-4	0.5502392344497608	5.0E-4	0.3
2450	4.784688995215311E-4	0.5502392344497608	5.0E-4	0.3
2500	4.784688995215311E-4	0.5502392344497608	5.0E-4	0.3
2550	4.784688995215311E-4	0.5502392344497608	5.0E-4	0.3
2600	4.784688995215311E-4	0.5502392344497608	5.0E-4	0.3
2650	4.784688995215311E-4	0.5502392344497608	5.0E-4	0.3
2700	4.784688995215311E-4	0.5502392344497608	5.0E-4	0.3
2750	4.784688995215311E-4	0.5502392344497608	5.0E-4	0.3
2800	4.784688995215311E-4	0.5502392344497608	5.0E-4	0.3
2850	4.784688995215311E-4	0.5502392344497608	5.0E-4	0.3
2900	4.784688995215311E-4	0.5502392344497608	5.0E-4	0.3
2950	4.784688995215311E-4	0.5502392344497608	5.0E-4	0.3
3000	4.784688995215311E-4	0.5502392344497608	5.0E-4	0.3
3050	4.784688995215311E-4	0.5502392344497608	5.0E-4	0.3
3100	4.784688995215311E-4	0.5502392344497608	5.0E-4	0.3
3150	4.784688995215311E-4	0.5502392344497608	5.0E-4	0.3
3200	4.784688995215311E-4	0.5502392344497608	5.0E-4	0.3
3250	4.784688995215311E-4	0.5502392344497608	5.0E-4	0.3
3300	4.784688995215311E-4	0.5502392344497608	5.0E-4	0.3
3350	4.784688995215311E-4	0.5502392344497608	5.0E-4	0.3
3400	4.784688995215311E-4	0.5502392344497608	5.0E-4	0.3
3450	4.784688995215311E-4	0.5502392344497608	5.0E-4	0.3
3500	4.784688995215311E-4	0.5502392344497608	5.0E-4	0.3
3550	4.784688995215311E-4	0.5502392344497608	5.0E-4	0.3
3600	4.784688995215311E-4	0.5502392344497608	5.0E-4	0.3
3650	4.784688995215311E-4	0.5502392344497608	5.0E-4	0.3
3700	4.784688995215311E-4	0.5502392344497608	5.0E-4	0.3
3750	4.784688995215311E-4	0.5502392344497608	5.0E-4	0.3
3800	4.784688995215311E-4	0.5502392344497608	5.0E-4	0.3
3850	4.784688995215311E-4	0.5502392344497608	5.0E-4	0.3
3900	4.784688995215311E-4	0.5502392344497608	5.0E-4	0.3
3950	4.784688995215311E-4	0.5502392344497608	5.0E-4	0.3
4000	4.784688995215311E-4	0.5502392344497608	5.0E-4	0.3
4050	4.784688995215311E-4	0.5502392344497608	5.0E-4	0.3
4100	4.784688995215311E-4	0.5502392344497608	5.0E-4	0.3
4150	4.784688995215311E-4	0.5502392344497608	5.0E-4	0.3
4200	4.784688995215311E-4	0.5502392344497608	5.0E-4	0.3
4250	4.784688995215311E-4	0.5502392344497608	5.0E-4	0.3
4300	4.784688995215311E-4	0.5502392344497608	5.0E-4	0.3
4350	4.784688995215311E-4	0.5502392344497608	5.0E-4	0.3
4400	4.784688995215311E-4	0.5502392344497608	5.0E-4	0.3
4450	4.784688995215311E-4	0.5502392344497608	5.0E-4	0.3
4500	4.784688995215311E-4	0.5502392344497608	5.0E-4	0.3
4550	4.784688995215311E-4	0.5502392344497608	5.0E-4	0.3
4600	4.784688995215311E-4	0.5502392344497608	5.0E-4	0.3
4650	4.784688995215311E-4	0.5502392344497608	5.0E-4	0.3
4700	4.784688995215311E-4	0.5502392344497608	5.0E-4	0.3
4750	4.784688995215311E-4	0.5502392344497608	5.0E-4	0.3
4800	4.784688995215311E-4	0.5502392344497608	5.0E-4	0.3
4850	4.784688995215311E-4	0.5502392344497608	5.0E-4	0.3
4900	4.784688995215311E-4	0.5502392344497608	5.0E-4	0.3
4950	4.784688995215311E-4	0.5502392344497608	5.0E-4	0.3
5000	4.784688995215311E-4	0.5502392344497608	5.0E-4	0.3

Run 2: 
100	4.3062200956937803E-4	0.11004784688995216	5.0E-4	0.1
150	2.3923444976076556E-4	0.2535885167464115	5.0E-4	0.2
200	3.827751196172249E-4	0.3349282296650718	5.0E-4	0.2
250	1.9138755980861245E-4	0.48325358851674644	5.0E-4	0.2
300	9.569377990430622E-5	0.48325358851674644	5.0E-4	0.2
350	1.9138755980861245E-4	0.5167464114832536	5.0E-4	0.3
400	2.3923444976076556E-4	0.5167464114832536	5.0E-4	0.3
450	4.784688995215311E-5	0.5167464114832536	5.0E-4	0.3
500	9.569377990430622E-5	0.5167464114832536	5.0E-4	0.3
550	5.263157894736842E-4	0.5167464114832536	5.0E-4	0.3
600	5.741626794258373E-4	0.5215311004784688	5.0E-4	0.3
650	4.784688995215311E-5	0.5215311004784688	5.0E-4	0.3
700	9.569377990430622E-5	0.5215311004784688	5.0E-4	0.3
750	9.569377990430622E-5	0.5215311004784688	5.0E-4	0.3
800	9.569377990430622E-5	0.5215311004784688	5.0E-4	0.3
850	9.569377990430622E-5	0.5215311004784688	5.0E-4	0.3
900	9.569377990430622E-5	0.5215311004784688	5.0E-4	0.3
950	9.569377990430622E-5	0.5215311004784688	5.0E-4	0.3
1000	9.569377990430622E-5	0.5215311004784688	5.0E-4	0.3
1050	9.569377990430622E-5	0.5215311004784688	5.0E-4	0.3
1100	9.569377990430622E-5	0.5215311004784688	5.0E-4	0.3
1150	9.569377990430622E-5	0.5215311004784688	5.0E-4	0.3
1200	9.569377990430622E-5	0.5215311004784688	5.0E-4	0.3
1250	9.569377990430622E-5	0.5215311004784688	5.0E-4	0.3
1300	9.569377990430622E-5	0.5215311004784688	5.0E-4	0.3
1350	9.569377990430622E-5	0.5215311004784688	5.0E-4	0.3
1400	9.569377990430622E-5	0.5215311004784688	5.0E-4	0.3
1450	9.569377990430622E-5	0.5215311004784688	5.0E-4	0.3
1500	9.569377990430622E-5	0.5215311004784688	5.0E-4	0.3
1550	9.569377990430622E-5	0.5215311004784688	5.0E-4	0.3
1600	9.569377990430622E-5	0.5215311004784688	5.0E-4	0.3
1650	9.569377990430622E-5	0.5215311004784688	5.0E-4	0.3
1700	9.569377990430622E-5	0.5215311004784688	5.0E-4	0.3
1750	9.569377990430622E-5	0.5215311004784688	5.0E-4	0.3
1800	9.569377990430622E-5	0.5215311004784688	5.0E-4	0.3
1850	9.569377990430622E-5	0.5215311004784688	5.0E-4	0.3
1900	9.569377990430622E-5	0.5215311004784688	5.0E-4	0.3
1950	9.569377990430622E-5	0.5215311004784688	5.0E-4	0.3
2000	9.569377990430622E-5	0.5215311004784688	5.0E-4	0.3
2050	9.569377990430622E-5	0.5215311004784688	5.0E-4	0.3
2100	9.569377990430622E-5	0.5215311004784688	5.0E-4	0.3
2150	9.569377990430622E-5	0.5215311004784688	5.0E-4	0.3
2200	9.569377990430622E-5	0.5215311004784688	5.0E-4	0.3
2250	9.569377990430622E-5	0.5215311004784688	5.0E-4	0.3
2300	9.569377990430622E-5	0.5215311004784688	5.0E-4	0.3
2350	9.569377990430622E-5	0.5215311004784688	5.0E-4	0.3
2400	9.569377990430622E-5	0.5215311004784688	5.0E-4	0.3
2450	9.569377990430622E-5	0.5215311004784688	5.0E-4	0.3
2500	9.569377990430622E-5	0.5215311004784688	5.0E-4	0.3
2550	9.569377990430622E-5	0.5215311004784688	5.0E-4	0.3
2600	9.569377990430622E-5	0.5215311004784688	5.0E-4	0.3
2650	9.569377990430622E-5	0.5215311004784688	5.0E-4	0.3
2700	9.569377990430622E-5	0.5215311004784688	5.0E-4	0.3
2750	9.569377990430622E-5	0.5215311004784688	5.0E-4	0.3
2800	9.569377990430622E-5	0.5215311004784688	5.0E-4	0.3
2850	9.569377990430622E-5	0.5215311004784688	5.0E-4	0.3
2900	9.569377990430622E-5	0.5215311004784688	5.0E-4	0.3
2950	9.569377990430622E-5	0.5215311004784688	5.0E-4	0.3
3000	9.569377990430622E-5	0.5215311004784688	5.0E-4	0.3
3050	9.569377990430622E-5	0.5215311004784688	5.0E-4	0.3
3100	9.569377990430622E-5	0.5215311004784688	5.0E-4	0.3
3150	9.569377990430622E-5	0.5215311004784688	5.0E-4	0.3
3200	9.569377990430622E-5	0.5215311004784688	5.0E-4	0.3
3250	9.569377990430622E-5	0.5215311004784688	5.0E-4	0.3
3300	9.569377990430622E-5	0.5215311004784688	5.0E-4	0.3
3350	9.569377990430622E-5	0.5215311004784688	5.0E-4	0.3
3400	9.569377990430622E-5	0.5215311004784688	5.0E-4	0.3
3450	9.569377990430622E-5	0.5215311004784688	5.0E-4	0.3
3500	9.569377990430622E-5	0.5215311004784688	5.0E-4	0.3
3550	9.569377990430622E-5	0.5215311004784688	5.0E-4	0.3
3600	9.569377990430622E-5	0.5215311004784688	5.0E-4	0.3
3650	9.569377990430622E-5	0.5215311004784688	5.0E-4	0.3
3700	9.569377990430622E-5	0.5215311004784688	5.0E-4	0.3
3750	9.569377990430622E-5	0.5215311004784688	5.0E-4	0.3
3800	9.569377990430622E-5	0.5215311004784688	5.0E-4	0.3
3850	9.569377990430622E-5	0.5215311004784688	5.0E-4	0.3
3900	9.569377990430622E-5	0.5215311004784688	5.0E-4	0.3
3950	9.569377990430622E-5	0.5215311004784688	5.0E-4	0.3
4000	9.569377990430622E-5	0.5215311004784688	5.0E-4	0.3
4050	9.569377990430622E-5	0.5215311004784688	5.0E-4	0.3
4100	9.569377990430622E-5	0.5215311004784688	5.0E-4	0.3
4150	9.569377990430622E-5	0.5215311004784688	5.0E-4	0.3
4200	9.569377990430622E-5	0.5215311004784688	5.0E-4	0.3
4250	9.569377990430622E-5	0.5215311004784688	5.0E-4	0.3
4300	9.569377990430622E-5	0.5215311004784688	5.0E-4	0.3
4350	9.569377990430622E-5	0.5215311004784688	5.0E-4	0.3
4400	9.569377990430622E-5	0.5215311004784688	5.0E-4	0.3
4450	9.569377990430622E-5	0.5215311004784688	5.0E-4	0.3
4500	9.569377990430622E-5	0.5215311004784688	5.0E-4	0.3
4550	9.569377990430622E-5	0.5215311004784688	5.0E-4	0.3
4600	9.569377990430622E-5	0.5215311004784688	5.0E-4	0.3
4650	9.569377990430622E-5	0.5215311004784688	5.0E-4	0.3
4700	9.569377990430622E-5	0.5215311004784688	5.0E-4	0.3
4750	9.569377990430622E-5	0.5215311004784688	5.0E-4	0.3
4800	9.569377990430622E-5	0.5215311004784688	5.0E-4	0.3
4850	9.569377990430622E-5	0.5215311004784688	5.0E-4	0.3
4900	9.569377990430622E-5	0.5215311004784688	5.0E-4	0.3
4950	9.569377990430622E-5	0.5215311004784688	5.0E-4	0.3
5000	9.569377990430622E-5	0.5215311004784688	5.0E-4	0.3

Run 3: 
100	4.784688995215311E-5	0.07655502392344497	5.0E-4	0.1
150	1.9138755980861245E-4	0.40669856459330145	5.0E-4	0.2
200	2.3923444976076556E-4	0.507177033492823	5.0E-4	0.25
250	1.9138755980861245E-4	0.507177033492823	5.0E-4	0.25
300	6.220095693779904E-4	0.507177033492823	5.0E-4	0.25
350	3.349282296650718E-4	0.507177033492823	5.0E-4	0.25
400	4.784688995215311E-5	0.507177033492823	5.0E-4	0.25
450	4.784688995215311E-4	0.507177033492823	5.0E-4	0.25
500	4.784688995215311E-5	0.5167464114832536	5.0E-4	0.25
550	9.090909090909091E-4	0.5502392344497608	5.0E-4	0.25
600	4.784688995215311E-5	0.5502392344497608	5.0E-4	0.35
650	4.784688995215311E-5	0.5502392344497608	5.0E-4	0.35
700	4.784688995215311E-5	0.5502392344497608	5.0E-4	0.35
750	4.784688995215311E-5	0.5502392344497608	5.0E-4	0.35
800	4.784688995215311E-5	0.5502392344497608	5.0E-4	0.35
850	4.784688995215311E-5	0.5502392344497608	5.0E-4	0.35
900	4.784688995215311E-5	0.5502392344497608	5.0E-4	0.35
950	4.784688995215311E-5	0.5502392344497608	5.0E-4	0.35
1000	4.784688995215311E-5	0.5502392344497608	5.0E-4	0.35
1050	4.784688995215311E-5	0.5502392344497608	5.0E-4	0.35
1100	4.784688995215311E-5	0.5502392344497608	5.0E-4	0.35
1150	4.784688995215311E-5	0.5502392344497608	5.0E-4	0.35
1200	4.784688995215311E-5	0.5502392344497608	5.0E-4	0.35
1250	4.784688995215311E-5	0.5502392344497608	5.0E-4	0.35
1300	4.784688995215311E-5	0.5502392344497608	5.0E-4	0.35
1350	4.784688995215311E-5	0.5502392344497608	5.0E-4	0.35
1400	4.784688995215311E-5	0.5502392344497608	5.0E-4	0.35
1450	4.784688995215311E-5	0.5502392344497608	5.0E-4	0.35
1500	4.784688995215311E-5	0.5502392344497608	5.0E-4	0.35
1550	4.784688995215311E-5	0.5502392344497608	5.0E-4	0.35
1600	4.784688995215311E-5	0.5502392344497608	5.0E-4	0.35
1650	4.784688995215311E-5	0.5502392344497608	5.0E-4	0.35
1700	4.784688995215311E-5	0.5502392344497608	5.0E-4	0.35
1750	4.784688995215311E-5	0.5502392344497608	5.0E-4	0.35
1800	4.784688995215311E-5	0.5502392344497608	5.0E-4	0.35
1850	4.784688995215311E-5	0.5502392344497608	5.0E-4	0.35
1900	4.784688995215311E-5	0.5502392344497608	5.0E-4	0.35
1950	4.784688995215311E-5	0.5502392344497608	5.0E-4	0.35
2000	4.784688995215311E-5	0.5502392344497608	5.0E-4	0.35
2050	4.784688995215311E-5	0.5502392344497608	5.0E-4	0.35
2100	4.784688995215311E-5	0.5502392344497608	5.0E-4	0.35
2150	4.784688995215311E-5	0.5502392344497608	5.0E-4	0.35
2200	4.784688995215311E-5	0.5502392344497608	5.0E-4	0.35
2250	4.784688995215311E-5	0.5502392344497608	5.0E-4	0.35
2300	4.784688995215311E-5	0.5502392344497608	5.0E-4	0.35
2350	4.784688995215311E-5	0.5502392344497608	5.0E-4	0.35
2400	4.784688995215311E-5	0.5502392344497608	5.0E-4	0.35
2450	4.784688995215311E-5	0.5502392344497608	5.0E-4	0.35
2500	4.784688995215311E-5	0.5502392344497608	5.0E-4	0.35
2550	4.784688995215311E-5	0.5502392344497608	5.0E-4	0.35
2600	4.784688995215311E-5	0.5502392344497608	5.0E-4	0.35
2650	4.784688995215311E-5	0.5502392344497608	5.0E-4	0.35
2700	4.784688995215311E-5	0.5502392344497608	5.0E-4	0.35
2750	4.784688995215311E-5	0.5502392344497608	5.0E-4	0.35
2800	4.784688995215311E-5	0.5502392344497608	5.0E-4	0.35
2850	4.784688995215311E-5	0.5502392344497608	5.0E-4	0.35
2900	4.784688995215311E-5	0.5502392344497608	5.0E-4	0.35
2950	4.784688995215311E-5	0.5502392344497608	5.0E-4	0.35
3000	4.784688995215311E-5	0.5502392344497608	5.0E-4	0.35
3050	4.784688995215311E-5	0.5502392344497608	5.0E-4	0.35
3100	4.784688995215311E-5	0.5502392344497608	5.0E-4	0.35
3150	4.784688995215311E-5	0.5502392344497608	5.0E-4	0.35
3200	4.784688995215311E-5	0.5502392344497608	5.0E-4	0.35
3250	4.784688995215311E-5	0.5502392344497608	5.0E-4	0.35
3300	4.784688995215311E-5	0.5502392344497608	5.0E-4	0.35
3350	4.784688995215311E-5	0.5502392344497608	5.0E-4	0.35
3400	4.784688995215311E-5	0.5502392344497608	5.0E-4	0.35
3450	4.784688995215311E-5	0.5502392344497608	5.0E-4	0.35
3500	4.784688995215311E-5	0.5502392344497608	5.0E-4	0.35
3550	4.784688995215311E-5	0.5502392344497608	5.0E-4	0.35
3600	4.784688995215311E-5	0.5502392344497608	5.0E-4	0.35
3650	4.784688995215311E-5	0.5502392344497608	5.0E-4	0.35
3700	4.784688995215311E-5	0.5502392344497608	5.0E-4	0.35
3750	4.784688995215311E-5	0.5502392344497608	5.0E-4	0.35
3800	4.784688995215311E-5	0.5502392344497608	5.0E-4	0.35
3850	4.784688995215311E-5	0.5502392344497608	5.0E-4	0.35
3900	4.784688995215311E-5	0.5502392344497608	5.0E-4	0.35
3950	4.784688995215311E-5	0.5502392344497608	5.0E-4	0.35
4000	4.784688995215311E-5	0.5502392344497608	5.0E-4	0.35
4050	4.784688995215311E-5	0.5502392344497608	5.0E-4	0.35
4100	4.784688995215311E-5	0.5502392344497608	5.0E-4	0.35
4150	4.784688995215311E-5	0.5502392344497608	5.0E-4	0.35
4200	4.784688995215311E-5	0.5502392344497608	5.0E-4	0.35
4250	4.784688995215311E-5	0.5502392344497608	5.0E-4	0.35
4300	4.784688995215311E-5	0.5502392344497608	5.0E-4	0.35
4350	4.784688995215311E-5	0.5502392344497608	5.0E-4	0.35
4400	4.784688995215311E-5	0.5502392344497608	5.0E-4	0.35
4450	4.784688995215311E-5	0.5502392344497608	5.0E-4	0.35
4500	4.784688995215311E-5	0.5502392344497608	5.0E-4	0.35
4550	4.784688995215311E-5	0.5502392344497608	5.0E-4	0.35
4600	4.784688995215311E-5	0.5502392344497608	5.0E-4	0.35
4650	4.784688995215311E-5	0.5502392344497608	5.0E-4	0.35
4700	4.784688995215311E-5	0.5502392344497608	5.0E-4	0.35
4750	4.784688995215311E-5	0.5502392344497608	5.0E-4	0.35
4800	4.784688995215311E-5	0.5502392344497608	5.0E-4	0.35
4850	4.784688995215311E-5	0.5502392344497608	5.0E-4	0.35
4900	4.784688995215311E-5	0.5502392344497608	5.0E-4	0.35
4950	4.784688995215311E-5	0.5502392344497608	5.0E-4	0.35
5000	4.784688995215311E-5	0.5502392344497608	5.0E-4	0.35

Run 4: 
100	3.349282296650718E-4	0.11961722488038277	5.0E-4	0.1
150	5.741626794258373E-4	0.3684210526315789	5.0E-4	0.2
200	4.3062200956937803E-4	0.37799043062200954	5.0E-4	0.2
250	3.349282296650718E-4	0.4449760765550239	5.0E-4	0.25
300	2.8708133971291867E-4	0.45933014354066987	5.0E-4	0.25
350	3.349282296650718E-4	0.5119617224880383	5.0E-4	0.25
400	1.4354066985645933E-4	0.5215311004784688	5.0E-4	0.25
450	0.0012440191387559807	0.5215311004784688	5.0E-4	0.25
500	0.0012440191387559807	0.5215311004784688	5.0E-4	0.25
550	0.0012440191387559807	0.5215311004784688	5.0E-4	0.25
600	0.0012440191387559807	0.5215311004784688	5.0E-4	0.25
650	0.0012440191387559807	0.5215311004784688	5.0E-4	0.25
700	0.0012440191387559807	0.5215311004784688	5.0E-4	0.25
750	0.0012440191387559807	0.5215311004784688	5.0E-4	0.25
800	0.0012440191387559807	0.5215311004784688	5.0E-4	0.25
850	0.0012440191387559807	0.5215311004784688	5.0E-4	0.25
900	0.0012440191387559807	0.5215311004784688	5.0E-4	0.25
950	0.0012440191387559807	0.5215311004784688	5.0E-4	0.25
1000	0.0012440191387559807	0.5215311004784688	5.0E-4	0.25
1050	0.0012440191387559807	0.5215311004784688	5.0E-4	0.25
1100	0.0012440191387559807	0.5215311004784688	5.0E-4	0.25
1150	0.0012440191387559807	0.5215311004784688	5.0E-4	0.25
1200	0.0012440191387559807	0.5215311004784688	5.0E-4	0.25
1250	0.0012440191387559807	0.5215311004784688	5.0E-4	0.25
1300	0.0012440191387559807	0.5215311004784688	5.0E-4	0.25
1350	0.0012440191387559807	0.5215311004784688	5.0E-4	0.25
1400	0.0012440191387559807	0.5215311004784688	5.0E-4	0.25
1450	0.0012440191387559807	0.5215311004784688	5.0E-4	0.25
1500	0.0012440191387559807	0.5215311004784688	5.0E-4	0.25
1550	0.0012440191387559807	0.5215311004784688	5.0E-4	0.25
1600	0.0012440191387559807	0.5215311004784688	5.0E-4	0.25
1650	0.0012440191387559807	0.5215311004784688	5.0E-4	0.25
1700	0.0012440191387559807	0.5215311004784688	5.0E-4	0.25
1750	0.0012440191387559807	0.5215311004784688	5.0E-4	0.25
1800	0.0012440191387559807	0.5215311004784688	5.0E-4	0.25
1850	0.0012440191387559807	0.5215311004784688	5.0E-4	0.25
1900	0.0012440191387559807	0.5215311004784688	5.0E-4	0.25
1950	0.0012440191387559807	0.5215311004784688	5.0E-4	0.25
2000	0.0012440191387559807	0.5215311004784688	5.0E-4	0.25
2050	0.0012440191387559807	0.5215311004784688	5.0E-4	0.25
2100	0.0012440191387559807	0.5215311004784688	5.0E-4	0.25
2150	0.0012440191387559807	0.5215311004784688	5.0E-4	0.25
2200	0.0012440191387559807	0.5215311004784688	5.0E-4	0.25
2250	0.0012440191387559807	0.5215311004784688	5.0E-4	0.25
2300	0.0012440191387559807	0.5215311004784688	5.0E-4	0.25
2350	0.0012440191387559807	0.5215311004784688	5.0E-4	0.25
2400	0.0012440191387559807	0.5215311004784688	5.0E-4	0.25
2450	0.0012440191387559807	0.5215311004784688	5.0E-4	0.25
2500	0.0012440191387559807	0.5215311004784688	5.0E-4	0.25
2550	0.0012440191387559807	0.5215311004784688	5.0E-4	0.25
2600	0.0012440191387559807	0.5215311004784688	5.0E-4	0.25
2650	0.0012440191387559807	0.5215311004784688	5.0E-4	0.25
2700	0.0012440191387559807	0.5215311004784688	5.0E-4	0.25
2750	0.0012440191387559807	0.5215311004784688	5.0E-4	0.25
2800	0.0012440191387559807	0.5215311004784688	5.0E-4	0.25
2850	0.0012440191387559807	0.5215311004784688	5.0E-4	0.25
2900	0.0012440191387559807	0.5215311004784688	5.0E-4	0.25
2950	0.0012440191387559807	0.5215311004784688	5.0E-4	0.25
3000	0.0012440191387559807	0.5215311004784688	5.0E-4	0.25
3050	0.0012440191387559807	0.5215311004784688	5.0E-4	0.25
3100	0.0012440191387559807	0.5215311004784688	5.0E-4	0.25
3150	0.0012440191387559807	0.5215311004784688	5.0E-4	0.25
3200	0.0012440191387559807	0.5215311004784688	5.0E-4	0.25
3250	0.0012440191387559807	0.5215311004784688	5.0E-4	0.25
3300	0.0012440191387559807	0.5215311004784688	5.0E-4	0.25
3350	0.0012440191387559807	0.5215311004784688	5.0E-4	0.25
3400	0.0012440191387559807	0.5215311004784688	5.0E-4	0.25
3450	0.0012440191387559807	0.5215311004784688	5.0E-4	0.25
3500	0.0012440191387559807	0.5215311004784688	5.0E-4	0.25
3550	0.0012440191387559807	0.5215311004784688	5.0E-4	0.25
3600	0.0012440191387559807	0.5215311004784688	5.0E-4	0.25
3650	0.0012440191387559807	0.5215311004784688	5.0E-4	0.25
3700	0.0012440191387559807	0.5215311004784688	5.0E-4	0.25
3750	0.0012440191387559807	0.5215311004784688	5.0E-4	0.25
3800	0.0012440191387559807	0.5215311004784688	5.0E-4	0.25
3850	0.0012440191387559807	0.5215311004784688	5.0E-4	0.25
3900	0.0012440191387559807	0.5215311004784688	5.0E-4	0.25
3950	0.0012440191387559807	0.5215311004784688	5.0E-4	0.25
4000	0.0012440191387559807	0.5215311004784688	5.0E-4	0.25
4050	0.0012440191387559807	0.5215311004784688	5.0E-4	0.25
4100	0.0012440191387559807	0.5215311004784688	5.0E-4	0.25
4150	0.0012440191387559807	0.5215311004784688	5.0E-4	0.25
4200	0.0012440191387559807	0.5215311004784688	5.0E-4	0.25
4250	0.0012440191387559807	0.5215311004784688	5.0E-4	0.25
4300	0.0012440191387559807	0.5215311004784688	5.0E-4	0.25
4350	0.0012440191387559807	0.5215311004784688	5.0E-4	0.25
4400	0.0012440191387559807	0.5215311004784688	5.0E-4	0.25
4450	0.0012440191387559807	0.5215311004784688	5.0E-4	0.25
4500	0.0012440191387559807	0.5215311004784688	5.0E-4	0.25
4550	0.0012440191387559807	0.5215311004784688	5.0E-4	0.25
4600	0.0012440191387559807	0.5215311004784688	5.0E-4	0.25
4650	0.0012440191387559807	0.5215311004784688	5.0E-4	0.25
4700	0.0012440191387559807	0.5215311004784688	5.0E-4	0.25
4750	0.0012440191387559807	0.5215311004784688	5.0E-4	0.25
4800	0.0012440191387559807	0.5215311004784688	5.0E-4	0.25
4850	0.0012440191387559807	0.5215311004784688	5.0E-4	0.25
4900	0.0012440191387559807	0.5215311004784688	5.0E-4	0.25
4950	0.0012440191387559807	0.5215311004784688	5.0E-4	0.25
5000	0.0012440191387559807	0.5215311004784688	5.0E-4	0.25
