202

43, 1, 2
9, 5, 2
37, 1, 1
44, 9, 2
67, 5, 1
54, 3, 1
38, 3, 1
208, 3, 1
202, 4, 0
76, 3, 1
105, 19, 2
19, 16, 1
45, 9, 0
154, 4, 1
50, 6, 1
66, 0, 0
173, 4, 2
206, 6, 2
7, 4, 2
27, 0, 0
90, 17, 0
8, 9, 1
59, 3, 1
11, 5, 0
6, 7, 0
36, 1, 2
15, 3, 1
23, 12, 1
33, 2, 2
11, 10, 1
103, 3, 0
47, 2, 2
11, 2, 1
65, 16, 1
52, 16, 0
70, 12, 1
74, 4, 0
92, 1, 1
21, 1, 0
20, 6, 1
25, 7, 1
36, 11, 0
84, 11, 0
57, 7, 2
56, 5, 2
0, 4, 1
42, 0, 0
27, 15, 0
92, 8, 0
60, 6, 2


9, 10, 2
33, 4, 2
12, 2, 2
161, 1, 1
77, 9, 1
207, 13, 0
61, 2, 0
32, 2, 2
33, 6, 0
68, 5, 1
159, 12, 2
37, 5, 1
53, 9, 2
33, 13, 2
55, 13, 1
16, 11, 0
23, 6, 1
6, 4, 2
64, 13, 2
166, 15, 2
190, 15, 2
86, 9, 2
64, 5, 1
128, 13, 1
60, 6, 0
29, 3, 2
42, 3, 2
171, 12, 0
147, 9, 0
38, 15, 2
104, 3, 0
97, 2, 1
17, 8, 1
89, 8, 2
90, 3, 2
62, 5, 0
99, 9, 2
38, 6, 1
29, 1, 2
52, 2, 0
18, 0, 0
100, 4, 1
86, 5, 2
25, 12, 1
34, 1, 1
56, 5, 0
58, 8, 1
134, 12, 1
92, 15, 2
118, 14, 0


67, 18, 1
90, 11, 2
41, 5, 0
171, 16, 2
208, 3, 2
36, 2, 2
97, 13, 2
56, 4, 2
55, 7, 0
61, 9, 0
26, 7, 2
191, 5, 2
68, 6, 1
36, 9, 1
4, 2, 2
39, 10, 1
5, 7, 1
16, 10, 0
39, 19, 0
11, 4, 1
43, 13, 0
102, 18, 1
34, 2, 1
135, 9, 1
6, 1, 1
49, 10, 2
40, 4, 0
57, 4, 0
40, 7, 2
20, 16, 1
20, 2, 0
39, 2, 1
43, 1, 1
53, 0, 0
99, 3, 1
69, 3, 0
55, 1, 0
61, 12, 1
91, 18, 0
21, 9, 1
12, 7, 0
42, 8, 0
22, 8, 1
86, 11, 0
13, 6, 1
33, 9, 1
88, 2, 1
59, 2, 1
140, 1, 0
104, 6, 1


12, 8, 0
176, 8, 2
2, 1, 0
94, 5, 0
11, 11, 1
85, 4, 1
208, 5, 1
14, 2, 1
98, 6, 0
0, 17, 0
154, 3, 1
25, 4, 1
29, 12, 0
30, 1, 2
2, 4, 1
62, 4, 1
79, 4, 2
18, 9, 0
173, 15, 2
99, 2, 0
69, 3, 0
91, 6, 1
41, 1, 0
15, 6, 2
42, 4, 0
100, 4, 0
53, 0, 1
7, 4, 1
48, 3, 1
2, 7, 0
81, 8, 0
48, 12, 0
54, 2, 2
31, 7, 2
197, 15, 2
19, 2, 2
60, 13, 0
43, 10, 1
20, 2, 0
107, 8, 2
79, 10, 2
56, 8, 2
75, 6, 0
49, 16, 1
49, 2, 2
16, 19, 0
27, 0, 2
0, 7, 0
68, 4, 2
38, 2, 2


72, 13, 1
52, 18, 2
207, 12, 0
49, 14, 2
5, 13, 1
80, 7, 0
8, 6, 2
45, 6, 2
16, 3, 0
53, 5, 0
175, 5, 2
85, 6, 2
37, 9, 2
87, 2, 2
153, 15, 2
160, 13, 0
14, 9, 0
43, 6, 1
5, 0, 1
47, 0, 0
31, 5, 0
36, 3, 0
63, 1, 1
63, 5, 1
162, 4, 2
50, 5, 0
2, 3, 0
51, 11, 1
6, 14, 1
39, 5, 0
31, 0, 2
67, 9, 1
2, 5, 1
25, 4, 2
7, 2, 0
52, 7, 2
74, 4, 0
57, 5, 2
29, 1, 2
68, 3, 1
12, 5, 1
60, 3, 2
26, 5, 2
23, 7, 0
8, 10, 2
3, 3, 0
67, 14, 1
126, 7, 2
71, 7, 1
43, 0, 2


2, 18, 2
22, 5, 1
139, 17, 2
46, 4, 0
34, 7, 1
6, 1, 0
18, 14, 0
56, 5, 2
38, 8, 2
26, 9, 0
85, 8, 2
61, 0, 2
184, 19, 2
53, 6, 1
27, 4, 2
160, 13, 0
90, 4, 1
66, 5, 2
134, 3, 1
28, 0, 0
74, 2, 1
45, 10, 2
159, 18, 2
82, 14, 2
169, 1, 1
36, 11, 2
104, 6, 1
4, 7, 2
57, 13, 0
71, 4, 1
45, 2, 2
97, 13, 1
18, 5, 2
58, 15, 0
197, 15, 2
69, 5, 2
28, 10, 0
208, 5, 0
61, 7, 0
193, 0, 0
8, 2, 0
100, 6, 2
15, 4, 2
43, 13, 0
1, 6, 1
46, 1, 2
87, 16, 0
134, 12, 1
92, 15, 2
118, 14, 0


96, 11, 1
135, 14, 0
19, 3, 2
151, 8, 1
64, 2, 2
127, 4, 0
131, 3, 2
77, 4, 2
208, 16, 0
21, 15, 2
46, 8, 2
3, 10, 2
102, 8, 0
24, 10, 1
32, 7, 0
33, 9, 1
151, 16, 1
65, 9, 0
67, 0, 2
4, 4, 1
60, 8, 2
0, 10, 1
12, 6, 2
55, 3, 2
76, 11, 1
28, 3, 0
40, 4, 2
72, 7, 0
16, 5, 1
81, 6, 0
78, 7, 0
28, 19, 2
41, 6, 0
31, 11, 1
7, 3, 2
19, 6, 0
204, 11, 1
208, 5, 0
61, 7, 0
40, 2, 0
95, 3, 0
100, 6, 2
15, 4, 2
43, 13, 0
1, 6, 1
46, 1, 2
87, 16, 0
134, 12, 1
92, 15, 2
70, 6, 0


65, 19, 1
34, 4, 0
93, 5, 0
60, 8, 2
33, 2, 2
45, 11, 0
195, 6, 2
69, 11, 1
30, 6, 0
96, 16, 0
18, 13, 2
37, 8, 2
41, 0, 1
87, 9, 2
60, 15, 1
61, 9, 1
208, 5, 0
76, 5, 1
49, 2, 1
16, 2, 1
68, 15, 0
7, 0, 0
22, 7, 0
2, 6, 0
24, 2, 2
58, 13, 1
50, 7, 0
105, 11, 2
64, 1, 2
25, 6, 1
55, 6, 0
88, 19, 2
82, 2, 1
66, 6, 1
100, 7, 0
5, 15, 1
18, 1, 2
54, 6, 0
43, 4, 0
80, 4, 0
37, 3, 2
95, 11, 2
16, 7, 2
53, 3, 1
13, 14, 2
26, 1, 1
14, 3, 1
178, 17, 0
38, 19, 2
46, 5, 1


43, 1, 2
66, 4, 2
139, 17, 2
55, 3, 2
208, 3, 2
58, 4, 0
58, 5, 1
22, 4, 2
50, 0, 0
38, 4, 0
50, 12, 0
42, 5, 2
104, 15, 1
21, 5, 0
99, 4, 0
28, 19, 0
8, 2, 2
206, 6, 2
22, 1, 0
81, 1, 2
42, 8, 2
18, 14, 1
43, 14, 1
25, 11, 2
79, 5, 1
8, 13, 2
16, 8, 2
170, 7, 2
85, 12, 1
75, 18, 1
63, 2, 0
24, 7, 0
10, 6, 0
193, 1, 0
106, 0, 0
5, 15, 1
43, 8, 0
103, 13, 0
40, 18, 1
89, 3, 2
40, 11, 0
65, 6, 2
59, 11, 2
35, 8, 2
15, 8, 1
34, 12, 1
4, 4, 2
70, 5, 1
99, 9, 0
23, 2, 1


54, 16, 2
34, 4, 0
6, 11, 0
176, 13, 2
28, 0, 0
106, 1, 0
61, 3, 0
174, 3, 0
207, 3, 1
73, 5, 0
15, 12, 2
25, 3, 2
3, 6, 0
115, 9, 2
21, 6, 0
25, 13, 1
27, 8, 0
7, 19, 2
0, 1, 2
20, 3, 2
49, 11, 1
102, 18, 1
9, 3, 0
135, 9, 1
15, 18, 0
32, 4, 0
31, 12, 2
44, 2, 0
96, 6, 2
130, 7, 2
3, 19, 0
105, 11, 1
101, 7, 1
28, 10, 2
7, 1, 0
188, 3, 2
85, 11, 0
92, 5, 0
4, 2, 1
58, 3, 0
98, 0, 0
52, 2, 1
21, 7, 1
28, 9, 2
205, 7, 0
71, 8, 1
86, 0, 1
32, 0, 1
69, 4, 1
11, 3, 1


94, 14, 1
43, 16, 0
99, 0, 2
15, 14, 2
34, 1, 0
24, 4, 1
76, 9, 0
27, 2, 1
49, 8, 1
76, 6, 2
48, 4, 1
43, 5, 0
91, 16, 2
16, 15, 2
4, 2, 2
85, 2, 2
38, 4, 1
206, 6, 2
15, 6, 0
29, 1, 2
30, 3, 2
102, 18, 1
104, 0, 0
60, 4, 0
6, 7, 0
79, 5, 2
11, 3, 2
23, 12, 1
3, 0, 1
48, 3, 1
71, 6, 0
51, 5, 1
131, 0, 1
31, 11, 1
197, 15, 2
92, 5, 0
58, 8, 1
2, 10, 1
61, 7, 0
193, 0, 0
40, 8, 0
35, 9, 1
15, 4, 2
94, 0, 1
67, 7, 2
46, 1, 2
19, 16, 1
134, 12, 1
7, 19, 2
118, 14, 0


102, 7, 1
52, 4, 0
25, 7, 1
35, 2, 0
54, 14, 1
14, 7, 1
6, 1, 2
16, 2, 0
57, 16, 0
83, 6, 0
46, 8, 2
4, 11, 1
15, 4, 1
16, 15, 2
4, 2, 2
21, 8, 2
173, 4, 2
206, 6, 2
7, 4, 2
29, 1, 2
101, 5, 0
59, 5, 2
28, 2, 2
60, 4, 0
30, 8, 2
73, 2, 0
96, 3, 1
14, 10, 0
56, 5, 2
68, 12, 0
103, 3, 0
47, 2, 2
38, 9, 0
32, 6, 2
52, 16, 0
102, 9, 1
74, 4, 0
68, 5, 2
21, 1, 0
20, 6, 1
26, 3, 0
36, 11, 0
84, 11, 0
6, 8, 0
11, 1, 1
51, 9, 1
42, 0, 0
27, 15, 0
56, 8, 0
59, 1, 2


48, 6, 0
61, 1, 0
25, 1, 2
61, 15, 1
158, 2, 0
157, 11, 2
38, 1, 1
93, 16, 2
172, 3, 2
19, 9, 0
66, 14, 0
94, 13, 1
138, 17, 2
72, 4, 2
27, 1, 2
130, 4, 0
91, 12, 0
43, 17, 0
105, 11, 2
187, 2, 1
67, 5, 0
38, 14, 1
121, 6, 2
84, 7, 2
37, 7, 2
48, 8, 1
31, 4, 1
52, 4, 0
57, 1, 2
67, 0, 2
206, 14, 0
108, 6, 1
66, 1, 2
39, 0, 2
55, 7, 1
50, 12, 1
57, 13, 2
203, 8, 1
105, 3, 2
32, 15, 1
30, 15, 0
26, 12, 2
5, 6, 0
8, 4, 1
55, 3, 0
79, 1, 2
88, 2, 1
75, 6, 2
20, 4, 1
90, 10, 0


177, 19, 0
20, 8, 1
103, 15, 2
124, 14, 0
192, 1, 1
37, 1, 2
24, 5, 1
148, 3, 1
33, 15, 2
61, 14, 2
121, 7, 1
150, 11, 2
60, 14, 2
48, 1, 0
50, 6, 2
186, 7, 1
112, 15, 2
74, 19, 2
61, 1, 1
202, 17, 0
125, 9, 0
32, 9, 1
79, 11, 1
149, 18, 2
170, 16, 2
169, 12, 0
113, 6, 1
96, 4, 1
163, 4, 0
158, 2, 1
3, 19, 0
196, 9, 2
49, 15, 1
40, 5, 2
147, 9, 0
188, 3, 2
85, 11, 0
14, 8, 0
25, 6, 0
77, 18, 2
16, 3, 2
116, 1, 1
17, 9, 2
208, 5, 2
90, 2, 2
153, 1, 0
23, 6, 2
190, 8, 2
135, 9, 2
159, 17, 0


68, 7, 2
7, 9, 0
152, 16, 1
103, 11, 0
34, 2, 1
41, 2, 0
4, 4, 1
208, 3, 1
21, 3, 1
35, 14, 2
36, 5, 2
11, 13, 2
3, 10, 2
99, 7, 0
50, 16, 0
100, 15, 2
27, 4, 2
51, 7, 1
3, 1, 2
140, 11, 2
25, 9, 0
52, 14, 1
55, 0, 2
6, 2, 1
46, 3, 0
55, 17, 1
93, 5, 2
34, 9, 1
53, 6, 2
55, 10, 0
25, 15, 1
19, 1, 2
94, 19, 0
46, 5, 2
115, 16, 2
45, 8, 0
192, 8, 2
20, 2, 1
55, 5, 1
97, 8, 0
143, 15, 1
83, 6, 0
38, 7, 2
9, 1, 0
11, 4, 1
75, 1, 0
68, 0, 2
191, 2, 2
100, 11, 2
17, 8, 2


7, 11, 2
10, 3, 0
3, 5, 0
171, 16, 2
30, 2, 0
36, 2, 2
18, 11, 0
55, 4, 0
25, 0, 1
79, 7, 1
51, 1, 0
49, 3, 0
13, 5, 0
17, 12, 1
48, 8, 1
62, 4, 1
79, 4, 2
206, 6, 2
40, 7, 1
99, 2, 0
69, 3, 0
91, 6, 1
41, 1, 0
25, 19, 0
73, 4, 0
100, 4, 0
31, 1, 2
25, 3, 0
29, 1, 1
88, 9, 2
81, 8, 0
19, 0, 2
175, 10, 0
2, 7, 2
54, 15, 2
14, 2, 1
45, 5, 1
9, 7, 0
15, 4, 1
39, 5, 0
168, 5, 1
104, 2, 2
17, 1, 1
101, 9, 1
35, 3, 1
46, 5, 1
173, 6, 1
95, 2, 2
87, 5, 2
58, 7, 2


56, 12, 0
34, 15, 1
19, 0, 2
75, 10, 2
45, 13, 0
30, 7, 0
54, 0, 1
45, 6, 2
101, 3, 2
4, 5, 2
27, 12, 2
49, 3, 2
40, 5, 2
93, 18, 2
39, 4, 2
49, 1, 2
57, 3, 1
25, 1, 0
41, 5, 0
32, 3, 2
62, 6, 2
88, 8, 2
47, 5, 0
148, 19, 2
11, 10, 2
78, 15, 0
72, 0, 2
133, 8, 1
66, 3, 0
14, 8, 0
10, 7, 0
37, 19, 2
131, 0, 1
26, 5, 2
197, 15, 2
78, 4, 2
26, 12, 1
208, 5, 0
97, 10, 2
193, 0, 0
95, 3, 0
85, 11, 2
40, 1, 2
189, 5, 0
22, 2, 1
46, 1, 2
87, 16, 0
19, 6, 1
60, 6, 2
58, 15, 2


28, 3, 2
12, 9, 2
3, 5, 0
171, 16, 2
78, 3, 0
36, 2, 2
18, 11, 0
0, 1, 0
9, 0, 0
83, 4, 0
7, 18, 2
68, 6, 2
56, 1, 0
11, 16, 1
48, 8, 1
62, 4, 1
30, 5, 0
206, 6, 2
173, 15, 2
12, 4, 1
77, 13, 1
91, 6, 1
41, 1, 0
13, 7, 0
42, 4, 0
100, 4, 0
60, 0, 1
25, 3, 0
29, 1, 1
92, 2, 1
81, 8, 0
48, 12, 0
54, 2, 2
20, 7, 2
91, 16, 2
4, 8, 1
60, 13, 0
43, 10, 1
105, 2, 2
42, 9, 0
22, 5, 0
69, 2, 2
75, 6, 0
49, 16, 1
49, 2, 2
95, 5, 1
19, 1, 2
0, 7, 0
77, 3, 1
18, 7, 1


113, 19, 2
23, 5, 0
33, 2, 1
0, 8, 0
56, 9, 2
83, 10, 0
6, 4, 1
8, 5, 2
54, 4, 1
88, 5, 0
28, 1, 1
41, 4, 0
149, 11, 1
10, 6, 1
44, 14, 0
6, 13, 1
53, 1, 0
67, 10, 1
40, 8, 2
44, 2, 1
16, 11, 0
31, 8, 0
63, 7, 0
200, 15, 1
58, 7, 2
55, 13, 1
51, 3, 0
3, 1, 1
75, 8, 2
59, 11, 2
206, 0, 1
66, 2, 2
73, 0, 1
24, 3, 0
14, 2, 0
78, 5, 0
32, 7, 2
77, 7, 2
124, 16, 2
46, 4, 2
103, 2, 2
43, 8, 1
73, 3, 1
21, 0, 1
103, 6, 1
50, 5, 2
173, 6, 1
28, 9, 1
63, 13, 0
92, 3, 1


8, 7, 0
53, 9, 2
207, 12, 0
13, 2, 0
5, 13, 1
78, 11, 0
55, 4, 1
103, 7, 1
67, 4, 2
32, 5, 1
193, 6, 0
45, 3, 0
17, 6, 2
75, 1, 0
9, 4, 0
30, 11, 2
30, 3, 1
65, 9, 0
69, 3, 1
4, 4, 1
84, 6, 0
56, 11, 1
63, 0, 2
72, 10, 2
19, 6, 0
51, 3, 0
49, 3, 0
36, 3, 0
22, 4, 2
71, 4, 1
51, 6, 2
28, 19, 2
131, 0, 1
31, 11, 1
47, 5, 2
92, 5, 0
49, 4, 1
54, 14, 2
61, 7, 0
193, 0, 0
101, 12, 2
35, 9, 1
15, 4, 2
43, 13, 0
15, 9, 2
8, 4, 2
86, 0, 1
60, 4, 0
81, 4, 2
24, 3, 1


64, 3, 0
5, 7, 1
208, 8, 2
188, 1, 1
40, 1, 0
38, 4, 1
181, 3, 0
13, 2, 2
17, 18, 2
10, 1, 1
33, 0, 0
53, 0, 2
94, 2, 0
1, 10, 1
27, 9, 2
63, 6, 2
10, 9, 1
5, 10, 0
69, 0, 2
23, 1, 0
54, 12, 0
14, 1, 2
62, 19, 0
50, 3, 2
19, 5, 1
33, 10, 1
30, 9, 2
170, 7, 2
85, 12, 1
62, 11, 1
7, 3, 1
7, 8, 2
65, 9, 0
193, 1, 0
48, 7, 1
5, 15, 1
63, 13, 2
40, 5, 1
40, 18, 1
43, 3, 1
40, 11, 0
86, 3, 2
25, 1, 0
24, 9, 2
15, 8, 1
3, 3, 0
68, 10, 0
41, 10, 2
51, 5, 2
86, 8, 0


72, 13, 1
84, 1, 1
88, 1, 1
91, 11, 2
30, 2, 0
100, 5, 0
73, 11, 1
56, 4, 2
41, 4, 0
61, 9, 0
50, 12, 0
191, 5, 2
53, 0, 1
80, 9, 1
4, 2, 2
28, 19, 0
56, 1, 0
61, 1, 2
134, 3, 1
27, 1, 0
31, 12, 2
53, 9, 2
47, 3, 2
21, 3, 2
80, 4, 1
2, 7, 1
104, 6, 1
170, 7, 2
104, 8, 2
14, 4, 0
7, 3, 1
206, 18, 2
6, 2, 1
60, 4, 0
87, 5, 2
5, 15, 1
2, 15, 2
69, 1, 2
67, 6, 0
33, 6, 0
37, 3, 2
23, 6, 0
6, 5, 1
55, 3, 1
13, 14, 2
84, 7, 2
35, 3, 2
178, 17, 0
29, 12, 0
181, 12, 1


86, 15, 0
198, 19, 1
32, 6, 1
171, 16, 2
11, 4, 1
29, 3, 0
97, 13, 2
51, 7, 0
55, 7, 0
12, 4, 1
64, 11, 2
78, 3, 1
91, 16, 2
9, 13, 1
65, 1, 1
55, 14, 1
173, 4, 2
206, 6, 2
19, 1, 0
43, 2, 1
61, 10, 0
39, 10, 1
92, 1, 2
3, 2, 1
102, 9, 0
20, 11, 2
158, 18, 2
93, 2, 2
19, 3, 1
19, 8, 0
47, 3, 2
48, 12, 0
54, 2, 2
27, 4, 0
197, 15, 2
42, 7, 1
60, 13, 0
43, 10, 1
52, 1, 1
107, 8, 2
79, 10, 2
24, 5, 2
75, 6, 0
49, 16, 1
47, 2, 0
90, 1, 1
46, 1, 2
0, 7, 0
77, 3, 1
72, 3, 1


0, 6, 1
34, 11, 1
73, 4, 0
25, 4, 0
21, 2, 0
24, 7, 2
22, 0, 2
55, 3, 2
51, 5, 2
40, 0, 2
15, 0, 0
49, 3, 0
59, 4, 1
97, 3, 1
104, 6, 2
4, 15, 2
49, 11, 2
206, 6, 2
52, 12, 1
33, 0, 1
18, 7, 0
63, 18, 1
12, 3, 1
7, 7, 2
66, 5, 1
12, 6, 2
47, 5, 2
1, 5, 0
159, 14, 0
105, 1, 2
11, 15, 2
6, 2, 2
11, 3, 2
63, 1, 2
135, 16, 0
3, 4, 1
118, 17, 2
1, 15, 0
46, 0, 1
46, 1, 0
63, 0, 0
8, 10, 1
12, 0, 2
58, 0, 1
32, 12, 1
105, 6, 0
80, 0, 1
23, 11, 1
105, 3, 1
20, 11, 2


38, 9, 1
63, 2, 0
78, 2, 0
49, 14, 2
5, 13, 1
13, 3, 1
7, 2, 2
13, 6, 0
42, 6, 2
33, 2, 2
101, 11, 0
50, 5, 2
38, 2, 1
42, 7, 2
33, 14, 1
66, 6, 0
208, 5, 0
85, 5, 2
5, 4, 0
16, 2, 1
62, 10, 2
11, 15, 0
46, 8, 1
73, 12, 0
85, 19, 0
15, 18, 1
65, 1, 2
69, 7, 0
3, 4, 1
50, 8, 0
83, 0, 1
27, 5, 1
94, 19, 0
179, 11, 2
101, 8, 2
17, 2, 1
10, 1, 2
44, 9, 2
57, 0, 1
7, 8, 2
55, 10, 2
25, 14, 1
200, 7, 1
26, 8, 2
75, 1, 1
90, 7, 1
87, 16, 0
19, 6, 1
20, 7, 1
84, 7, 1


30, 12, 2
34, 11, 1
73, 4, 0
25, 4, 0
21, 2, 0
24, 7, 2
35, 3, 1
55, 3, 2
65, 2, 1
62, 8, 2
15, 0, 0
49, 3, 0
59, 4, 1
69, 17, 0
55, 5, 1
4, 15, 2
51, 3, 1
206, 6, 2
40, 13, 0
33, 8, 1
190, 15, 2
86, 9, 2
49, 5, 0
128, 13, 1
2, 3, 1
36, 5, 2
42, 3, 2
3, 4, 2
147, 9, 0
38, 15, 2
104, 3, 0
97, 2, 1
17, 8, 1
89, 8, 2
7, 16, 0
65, 7, 0
45, 6, 0
38, 6, 1
29, 1, 2
75, 6, 0
54, 0, 2
74, 3, 0
86, 5, 2
25, 12, 1
43, 2, 1
53, 8, 1
43, 0, 2
126, 7, 2
22, 5, 1
9, 5, 2


6, 16, 1
53, 8, 2
207, 12, 0
103, 8, 0
5, 13, 1
78, 11, 0
78, 0, 0
45, 6, 2
101, 3, 2
102, 6, 0
32, 11, 2
2, 6, 1
40, 5, 2
29, 10, 1
58, 6, 1
60, 1, 0
30, 3, 1
25, 1, 0
41, 5, 0
32, 3, 2
49, 3, 2
88, 8, 2
47, 5, 0
148, 19, 2
11, 10, 2
78, 15, 0
79, 1, 2
133, 8, 1
66, 3, 0
33, 5, 1
10, 7, 0
37, 19, 2
131, 0, 1
26, 5, 2
197, 15, 2
78, 4, 2
26, 12, 1
0, 7, 1
31, 5, 2
193, 0, 0
15, 4, 0
72, 4, 0
40, 1, 2
189, 5, 0
22, 2, 1
46, 1, 2
87, 16, 0
19, 6, 1
60, 6, 2
18, 7, 2


196, 13, 2
208, 7, 1
191, 3, 2
49, 8, 0
18, 5, 2
182, 1, 2
55, 5, 1
156, 11, 2
154, 12, 2
122, 0, 2
33, 19, 2
29, 0, 0
36, 10, 0
109, 7, 1
192, 18, 0
45, 5, 0
32, 4, 0
12, 4, 1
193, 5, 1
39, 0, 1
144, 12, 2
11, 1, 2
44, 11, 2
29, 17, 2
90, 15, 2
89, 16, 2
16, 14, 1
8, 6, 2
114, 1, 0
175, 3, 2
9, 1, 2
88, 19, 2
158, 16, 2
50, 4, 0
40, 6, 0
5, 15, 1
107, 9, 1
44, 1, 1
156, 2, 1
5, 4, 1
91, 12, 1
94, 13, 1
25, 16, 0
82, 3, 1
35, 9, 2
38, 7, 2
197, 3, 1
8, 12, 2
71, 10, 2
102, 8, 2


100, 19, 1
58, 2, 1
33, 7, 1
19, 13, 1
34, 0, 0
185, 2, 0
58, 4, 1
14, 3, 1
155, 3, 0
37, 5, 0
13, 13, 2
86, 4, 1
17, 9, 2
42, 7, 1
158, 4, 1
46, 3, 0
36, 12, 0
28, 12, 1
49, 1, 0
67, 18, 2
26, 6, 2
12, 14, 1
121, 6, 2
84, 7, 2
37, 7, 2
48, 8, 1
120, 14, 1
169, 9, 0
90, 3, 0
55, 10, 2
206, 14, 0
199, 10, 1
66, 1, 2
39, 0, 2
55, 7, 1
50, 12, 1
18, 5, 1
203, 8, 1
105, 3, 2
32, 15, 1
19, 10, 0
100, 8, 0
5, 6, 0
8, 4, 1
96, 5, 1
2, 0, 1
88, 2, 1
53, 3, 1
24, 8, 1
66, 13, 0


53, 12, 1
57, 5, 2
47, 0, 0
102, 9, 0
60, 7, 2
36, 2, 2
4, 3, 1
22, 4, 2
50, 0, 0
62, 5, 0
50, 12, 0
45, 12, 1
91, 16, 2
60, 10, 2
99, 4, 0
28, 19, 0
8, 2, 2
206, 6, 2
134, 3, 1
81, 1, 2
74, 2, 1
18, 14, 1
159, 18, 2
82, 14, 2
169, 1, 1
67, 12, 1
104, 6, 1
170, 7, 2
85, 12, 1
25, 4, 0
68, 9, 0
206, 18, 2
8, 1, 2
193, 1, 0
45, 4, 2
5, 15, 1
24, 7, 0
49, 15, 0
156, 2, 1
5, 12, 2
90, 15, 1
94, 13, 1
54, 17, 0
82, 3, 1
37, 5, 0
41, 9, 1
42, 0, 0
8, 12, 2
71, 10, 2
95, 5, 2


0, 6, 1
34, 11, 1
73, 4, 0
25, 4, 0
21, 2, 0
24, 7, 2
35, 3, 1
55, 3, 2
51, 5, 2
62, 8, 2
15, 0, 0
49, 3, 0
59, 4, 1
69, 17, 0
104, 6, 2
4, 15, 2
49, 11, 2
206, 6, 2
40, 13, 0
33, 8, 1
36, 5, 0
63, 18, 1
12, 3, 1
8, 7, 0
35, 2, 0
12, 6, 2
47, 5, 2
1, 5, 0
159, 14, 0
105, 1, 2
11, 15, 2
6, 2, 2
11, 3, 2
27, 0, 0
135, 16, 0
3, 4, 1
118, 17, 2
1, 15, 0
46, 0, 1
46, 1, 0
63, 0, 0
8, 10, 1
18, 2, 1
72, 5, 2
50, 8, 2
99, 5, 0
94, 8, 2
45, 13, 2
139, 11, 2
92, 3, 2


23, 19, 2
208, 7, 1
58, 5, 1
97, 3, 0
22, 1, 0
11, 3, 1
47, 0, 0
1, 2, 0
66, 9, 2
122, 0, 2
16, 6, 1
60, 8, 2
38, 0, 0
98, 15, 1
27, 4, 1
44, 3, 0
34, 3, 2
47, 4, 1
15, 9, 1
6, 2, 2
61, 14, 0
42, 13, 1
190, 0, 1
39, 7, 2
140, 16, 0
77, 5, 0
183, 12, 1
127, 19, 0
66, 4, 2
69, 7, 0
4, 15, 0
57, 2, 1
7, 16, 0
40, 5, 2
59, 10, 1
1, 5, 1
52, 5, 2
78, 13, 0
25, 6, 0
77, 18, 2
16, 3, 2
116, 1, 1
56, 7, 0
208, 5, 2
90, 2, 2
153, 1, 0
23, 6, 2
190, 8, 2
135, 9, 2
104, 0, 2


7, 11, 1
198, 19, 1
139, 17, 2
69, 3, 0
11, 4, 1
36, 2, 2
97, 13, 2
56, 4, 2
55, 7, 0
38, 5, 0
26, 7, 2
191, 5, 2
58, 15, 1
36, 9, 1
198, 1, 1
22, 19, 2
173, 4, 2
206, 6, 2
29, 14, 1
89, 9, 2
4, 6, 2
102, 18, 1
34, 2, 1
135, 9, 1
13, 17, 1
77, 9, 1
120, 14, 1
52, 4, 0
90, 3, 0
17, 15, 1
57, 9, 2
108, 6, 1
66, 1, 2
39, 0, 2
81, 0, 1
50, 12, 1
57, 13, 2
30, 6, 0
5, 1, 1
4, 15, 1
19, 10, 0
48, 4, 2
18, 1, 1
97, 6, 2
82, 13, 0
80, 15, 0
20, 4, 1
35, 6, 2
64, 8, 1
74, 3, 1


34, 12, 2
11, 2, 1
144, 3, 2
56, 7, 2
113, 17, 1
41, 5, 2
208, 10, 1
43, 3, 2
71, 9, 1
48, 0, 2
155, 19, 1
30, 14, 1
90, 10, 2
81, 9, 1
49, 4, 2
83, 0, 0
8, 5, 2
86, 5, 2
0, 10, 1
89, 9, 2
23, 15, 1
102, 18, 1
3, 0, 2
25, 1, 1
61, 1, 1
13, 15, 0
97, 2, 1
65, 2, 0
20, 0, 1
65, 10, 2
31, 4, 1
51, 3, 1
94, 11, 2
2, 7, 2
72, 16, 2
88, 8, 2
28, 9, 2
27, 2, 2
13, 9, 1
37, 7, 0
64, 6, 0
69, 5, 2
2, 3, 0
24, 11, 1
35, 3, 1
71, 3, 0
59, 6, 1
34, 0, 1
60, 4, 1
58, 15, 2


49, 14, 1
62, 16, 2
207, 12, 0
7, 7, 1
5, 13, 1
82, 8, 0
125, 19, 2
72, 3, 2
26, 1, 0
43, 17, 0
27, 12, 2
49, 3, 2
40, 5, 2
93, 18, 2
16, 5, 1
45, 4, 1
68, 4, 1
62, 8, 1
173, 15, 2
159, 8, 1
72, 8, 2
91, 6, 1
25, 2, 1
25, 19, 0
58, 5, 1
5, 4, 0
66, 6, 0
29, 1, 1
28, 3, 0
23, 1, 2
3, 1, 2
83, 4, 2
19, 0, 2
88, 4, 1
197, 15, 2
29, 8, 1
12, 18, 1
208, 5, 0
79, 4, 0
107, 8, 2
32, 10, 1
100, 6, 2
21, 1, 2
39, 15, 1
22, 2, 1
93, 11, 0
34, 1, 2
75, 11, 2
77, 3, 1
99, 10, 1


66, 8, 0
55, 5, 0
23, 1, 1
90, 9, 0
33, 2, 1
19, 14, 2
38, 11, 0
208, 3, 1
37, 8, 0
69, 11, 1
29, 0, 1
203, 17, 2
43, 0, 1
25, 9, 2
49, 13, 2
74, 1, 1
30, 3, 1
17, 11, 2
11, 4, 0
56, 12, 1
42, 6, 1
91, 14, 0
115, 11, 2
6, 3, 2
49, 0, 2
10, 3, 0
14, 6, 0
99, 5, 2
20, 10, 1
20, 16, 1
1, 1, 2
14, 3, 0
18, 4, 0
35, 6, 1
99, 3, 1
6, 2, 1
50, 4, 0
69, 8, 1
91, 18, 0
77, 18, 2
33, 8, 0
107, 4, 1
18, 5, 1
68, 5, 1
50, 8, 1
87, 2, 2
79, 0, 2
53, 6, 0
59, 5, 2
34, 15, 1


106, 12, 1
4, 17, 2
167, 7, 2
25, 1, 1
27, 7, 2
39, 5, 1
38, 11, 0
208, 3, 1
17, 5, 1
30, 7, 2
105, 19, 2
12, 14, 0
37, 4, 2
154, 4, 1
28, 1, 1
65, 4, 0
5, 11, 2
47, 4, 1
15, 9, 1
6, 2, 2
97, 8, 0
42, 13, 1
67, 3, 2
9, 0, 0
28, 15, 2
89, 16, 2
64, 3, 1
140, 8, 0
33, 4, 2
58, 11, 0
53, 10, 1
38, 0, 0
12, 3, 0
66, 1, 2
76, 5, 1
156, 8, 0
45, 5, 1
101, 5, 0
10, 2, 2
81, 2, 0
50, 9, 2
50, 1, 1
0, 0, 1
43, 14, 0
3, 3, 0
72, 2, 0
173, 6, 1
0, 5, 1
92, 6, 1
104, 4, 2


56, 12, 0
34, 15, 1
25, 2, 0
31, 3, 2
24, 2, 1
196, 5, 1
14, 0, 2
55, 10, 2
20, 7, 0
96, 16, 0
18, 13, 2
0, 6, 1
41, 0, 1
57, 5, 1
74, 4, 0
21, 5, 2
208, 5, 0
146, 9, 1
49, 2, 1
16, 2, 1
68, 15, 0
7, 0, 0
22, 7, 0
2, 6, 0
52, 1, 1
58, 13, 1
50, 7, 0
105, 11, 2
64, 1, 2
92, 1, 1
55, 6, 0
88, 19, 2
34, 4, 0
68, 2, 2
100, 7, 0
5, 15, 1
3, 5, 2
73, 9, 1
30, 9, 0
80, 4, 0
37, 3, 2
95, 11, 2
35, 6, 1
53, 3, 1
13, 14, 2
84, 7, 2
14, 3, 1
178, 17, 0
73, 3, 2
26, 13, 2


72, 13, 1
2, 11, 2
207, 12, 0
32, 3, 2
5, 13, 1
80, 7, 0
8, 6, 2
43, 3, 2
74, 0, 1
107, 9, 1
78, 6, 2
90, 4, 1
63, 10, 1
13, 6, 0
24, 9, 1
33, 7, 2
67, 6, 0
8, 15, 1
8, 1, 2
14, 5, 2
16, 14, 0
19, 7, 0
34, 2, 1
53, 12, 2
41, 6, 1
64, 13, 2
2, 19, 1
15, 3, 0
17, 2, 2
9, 6, 1
18, 8, 1
31, 10, 1
96, 8, 0
29, 6, 0
6, 4, 2
51, 4, 2
59, 8, 0
39, 6, 2
19, 3, 1
57, 3, 1
53, 8, 0
8, 9, 2
22, 8, 1
76, 6, 2
101, 1, 1
64, 5, 2
0, 6, 1
54, 4, 0
106, 10, 1
42, 10, 1


29, 14, 1
46, 16, 1
32, 1, 0
161, 14, 0
47, 3, 0
40, 15, 2
208, 10, 1
30, 1, 1
158, 17, 1
99, 7, 0
71, 10, 1
56, 9, 0
76, 13, 0
101, 17, 2
15, 0, 2
52, 3, 1
19, 1, 2
91, 0, 2
50, 3, 0
27, 1, 0
57, 7, 1
160, 6, 0
36, 2, 1
48, 0, 0
4, 19, 1
13, 4, 2
16, 3, 0
62, 18, 0
15, 7, 0
47, 10, 1
47, 2, 0
91, 10, 0
53, 2, 1
25, 3, 2
57, 4, 2
46, 6, 1
45, 5, 1
89, 9, 1
186, 13, 2
19, 3, 1
168, 5, 1
108, 6, 2
59, 1, 0
65, 12, 2
35, 3, 1
21, 4, 0
173, 6, 1
78, 3, 0
93, 6, 1
44, 10, 1


36, 9, 1
176, 8, 2
28, 8, 1
198, 6, 1
19, 14, 0
52, 5, 1
208, 5, 1
92, 1, 1
62, 15, 1
65, 17, 0
86, 10, 0
77, 3, 2
27, 5, 0
98, 11, 0
76, 17, 0
58, 0, 1
19, 18, 0
65, 10, 2
193, 4, 1
9, 14, 1
116, 8, 1
130, 12, 0
69, 2, 0
99, 1, 0
50, 10, 2
127, 16, 1
60, 2, 2
199, 7, 1
201, 14, 0
10, 9, 2
31, 3, 2
58, 6, 1
24, 6, 2
22, 13, 0
99, 3, 1
187, 13, 2
2, 11, 1
63, 9, 1
91, 18, 0
24, 3, 1
52, 10, 2
41, 12, 1
177, 11, 0
84, 6, 1
98, 2, 2
33, 5, 1
62, 4, 1
145, 19, 0
205, 13, 2
102, 3, 0


53, 12, 1
43, 16, 0
47, 0, 0
42, 9, 1
17, 2, 0
18, 1, 0
60, 7, 2
27, 2, 1
41, 5, 2
11, 0, 1
50, 12, 0
65, 3, 2
91, 16, 2
16, 15, 2
4, 2, 2
28, 19, 0
173, 4, 2
206, 6, 2
7, 4, 2
29, 1, 2
86, 8, 0
102, 18, 1
104, 0, 0
60, 4, 0
6, 7, 0
81, 6, 2
11, 3, 2
23, 12, 1
9, 3, 2
83, 10, 0
46, 9, 0
51, 5, 1
45, 5, 0
109, 14, 2
197, 15, 2
3, 8, 1
65, 9, 1
208, 5, 0
97, 10, 2
193, 0, 0
95, 3, 0
100, 6, 2
4, 12, 0
34, 16, 2
74, 3, 2
13, 12, 2
52, 1, 0
42, 14, 1
95, 15, 0
56, 5, 2


55, 12, 0
47, 6, 0
207, 12, 0
83, 2, 0
5, 13, 1
78, 11, 0
138, 0, 1
45, 6, 2
101, 3, 2
4, 5, 2
23, 8, 1
9, 5, 1
40, 5, 2
52, 15, 0
9, 12, 2
49, 1, 2
88, 9, 0
62, 8, 1
29, 6, 0
6, 2, 2
61, 14, 0
104, 4, 2
64, 1, 2
54, 6, 0
77, 3, 0
69, 2, 2
25, 3, 0
140, 8, 0
6, 4, 0
16, 0, 2
50, 4, 1
103, 7, 1
104, 12, 2
57, 4, 1
11, 1, 0
48, 9, 2
70, 15, 1
97, 15, 0
21, 6, 1
101, 5, 1
66, 0, 0
29, 1, 1
159, 14, 0
53, 18, 1
46, 5, 1
64, 5, 2
99, 3, 2
32, 0, 1
53, 4, 2
67, 1, 2


66, 0, 0
198, 19, 1
32, 6, 1
171, 16, 2
53, 5, 1
29, 3, 0
97, 13, 2
51, 7, 0
55, 7, 0
12, 4, 1
26, 7, 2
78, 3, 1
91, 16, 2
36, 9, 1
65, 1, 1
55, 14, 1
36, 3, 1
206, 6, 2
50, 2, 1
18, 1, 2
4, 6, 2
102, 18, 1
92, 1, 2
11, 2, 1
102, 9, 0
42, 1, 1
158, 18, 2
93, 2, 2
44, 3, 0
25, 10, 0
52, 19, 1
108, 4, 0
30, 6, 2
89, 7, 1
182, 6, 2
60, 6, 2
1, 6, 1
23, 5, 2
93, 13, 2
57, 9, 1
98, 4, 2
21, 10, 1
208, 16, 2
81, 12, 2
78, 4, 1
68, 0, 1
15, 1, 1
30, 12, 0
2, 4, 2
3, 10, 2


178, 13, 1
42, 3, 2
46, 2, 2
52, 12, 2
95, 4, 1
121, 10, 1
16, 1, 1
97, 12, 1
197, 11, 0
15, 16, 0
61, 8, 2
205, 7, 2
25, 1, 1
63, 11, 0
52, 11, 1
16, 7, 2
145, 5, 0
92, 11, 2
157, 11, 1
50, 2, 2
40, 6, 1
35, 6, 1
115, 11, 2
62, 1, 0
84, 0, 1
74, 9, 0
14, 6, 0
58, 8, 0
201, 14, 0
20, 16, 1
95, 8, 0
72, 4, 2
52, 4, 1
53, 0, 0
99, 3, 1
6, 2, 1
77, 4, 2
58, 16, 1
91, 18, 0
77, 18, 2
33, 8, 0
116, 1, 1
17, 9, 2
208, 5, 2
35, 7, 0
2, 9, 1
53, 3, 2
41, 0, 2
45, 11, 2
22, 6, 2


72, 13, 1
52, 18, 2
207, 12, 0
49, 14, 2
5, 13, 1
80, 7, 0
8, 6, 2
43, 3, 2
74, 0, 1
107, 9, 1
78, 6, 2
90, 4, 1
63, 10, 1
13, 6, 0
24, 9, 1
13, 7, 2
67, 6, 0
8, 15, 1
8, 1, 2
14, 5, 2
16, 14, 0
8, 0, 2
34, 2, 1
53, 12, 2
41, 6, 1
64, 13, 2
2, 19, 1
39, 5, 2
17, 2, 2
9, 6, 1
208, 19, 0
31, 10, 1
87, 7, 0
29, 6, 0
6, 4, 2
51, 4, 2
45, 5, 1
39, 6, 2
19, 3, 1
61, 3, 2
53, 8, 0
8, 9, 2
22, 8, 1
76, 6, 2
101, 1, 1
64, 5, 2
95, 5, 2
54, 4, 0
106, 10, 1
67, 1, 2


57, 6, 1
198, 19, 1
15, 3, 1
171, 16, 2
11, 4, 1
28, 0, 2
97, 13, 2
51, 7, 0
55, 7, 0
12, 4, 1
13, 9, 0
78, 6, 1
91, 16, 2
36, 9, 1
65, 1, 1
8, 11, 2
173, 4, 2
206, 6, 2
19, 1, 0
43, 2, 1
3, 9, 2
102, 18, 1
92, 1, 2
3, 2, 1
102, 9, 0
188, 8, 0
158, 18, 2
93, 2, 2
1, 3, 0
19, 8, 0
2, 10, 1
66, 7, 0
30, 6, 2
12, 3, 0
182, 6, 2
60, 6, 2
1, 6, 1
23, 5, 2
93, 13, 2
65, 2, 0
28, 4, 2
8, 15, 0
25, 16, 0
60, 5, 2
47, 16, 2
60, 9, 0
197, 3, 1
56, 16, 1
85, 8, 1
42, 10, 1


45, 4, 0
49, 12, 0
1, 1, 1
25, 4, 0
79, 2, 2
66, 5, 0
56, 4, 2
193, 11, 0
50, 0, 1
77, 11, 2
1, 6, 0
82, 6, 1
87, 7, 0
43, 9, 1
99, 5, 0
27, 10, 2
73, 4, 0
206, 6, 2
39, 19, 0
59, 4, 1
56, 16, 2
97, 8, 2
53, 0, 2
29, 1, 1
15, 3, 1
6, 4, 0
16, 8, 2
33, 2, 2
68, 5, 0
4, 1, 2
41, 1, 1
22, 0, 0
65, 9, 0
193, 1, 0
67, 0, 1
22, 9, 2
55, 0, 0
24, 2, 2
26, 8, 0
64, 4, 1
168, 5, 1
108, 6, 2
20, 7, 2
100, 10, 1
87, 2, 1
100, 0, 1
92, 1, 2
95, 2, 2
15, 10, 1
19, 4, 0


68, 7, 2
7, 9, 0
152, 16, 1
103, 11, 0
103, 1, 1
41, 2, 0
93, 0, 1
208, 3, 1
58, 3, 0
35, 14, 2
36, 5, 2
33, 5, 1
3, 10, 2
99, 7, 0
50, 16, 0
100, 15, 2
27, 4, 2
51, 7, 1
52, 0, 2
140, 11, 2
25, 9, 0
91, 13, 2
63, 1, 0
48, 4, 0
46, 3, 0
55, 17, 1
93, 5, 2
72, 5, 0
53, 6, 2
47, 14, 0
25, 15, 1
19, 1, 2
94, 19, 0
46, 5, 2
115, 16, 2
45, 8, 0
192, 8, 2
20, 2, 1
60, 2, 1
65, 5, 2
143, 15, 1
33, 8, 1
98, 5, 2
9, 1, 0
11, 4, 1
105, 4, 1
72, 2, 0
26, 8, 2
82, 6, 1
2, 13, 2


0, 16, 1
91, 16, 1
109, 2, 0
66, 4, 2
104, 19, 1
28, 12, 1
6, 10, 0
65, 3, 2
32, 1, 0
96, 16, 0
18, 13, 2
129, 18, 0
23, 2, 0
194, 7, 1
33, 14, 1
43, 11, 0
208, 5, 0
146, 9, 1
116, 12, 2
47, 17, 1
66, 12, 0
50, 10, 1
32, 8, 1
37, 1, 2
50, 1, 1
60, 6, 2
206, 8, 0
43, 1, 2
0, 5, 2
197, 4, 2
67, 4, 0
51, 0, 2
54, 2, 1
16, 2, 0
8, 7, 2
69, 11, 1
103, 9, 1
28, 8, 0
50, 2, 0
97, 9, 1
2, 9, 1
74, 11, 1
30, 5, 0
105, 10, 1
68, 10, 2
76, 2, 0
13, 1, 0
166, 15, 1
93, 4, 1
27, 16, 2


96, 9, 0
42, 0, 0
27, 3, 0
66, 16, 1
91, 1, 1
33, 8, 2
62, 8, 1
30, 3, 2
68, 9, 0
48, 13, 1
43, 16, 1
78, 3, 1
91, 16, 2
36, 9, 1
198, 1, 1
60, 9, 1
53, 5, 0
206, 6, 2
28, 0, 1
2, 1, 1
75, 4, 0
64, 11, 1
63, 2, 2
77, 8, 2
113, 16, 1
74, 11, 2
58, 11, 2
6, 5, 1
57, 6, 0
95, 4, 0
22, 2, 1
97, 8, 1
158, 16, 2
9, 0, 2
30, 8, 2
66, 10, 2
17, 14, 1
41, 8, 1
43, 1, 2
0, 3, 2
50, 4, 1
104, 6, 1
37, 2, 1
22, 11, 1
45, 9, 1
68, 0, 1
22, 13, 2
57, 4, 1
44, 2, 0
86, 5, 0


57, 19, 2
32, 4, 1
46, 0, 1
65, 6, 1
38, 10, 2
67, 0, 2
20, 0, 1
44, 12, 2
49, 12, 0
42, 8, 2
47, 0, 0
30, 3, 0
155, 1, 1
143, 14, 1
6, 9, 2
160, 13, 0
14, 9, 0
91, 3, 0
5, 0, 1
45, 1, 2
88, 9, 1
62, 18, 0
63, 1, 1
65, 0, 2
162, 4, 2
50, 5, 0
58, 4, 1
34, 9, 0
53, 13, 1
51, 1, 1
121, 9, 2
97, 2, 1
19, 13, 0
59, 8, 1
74, 0, 0
206, 7, 1
73, 2, 0
86, 11, 2
29, 1, 2
11, 2, 0
12, 5, 1
75, 6, 0
26, 5, 2
23, 7, 0
13, 11, 1
37, 0, 2
68, 10, 0
34, 6, 0
7, 3, 0
101, 3, 1


38, 9, 1
63, 3, 2
207, 12, 0
49, 14, 2
1, 2, 2
20, 0, 2
55, 4, 1
103, 7, 1
69, 2, 1
117, 18, 0
56, 14, 0
7, 4, 0
10, 3, 1
97, 9, 1
21, 1, 1
50, 8, 0
85, 10, 2
92, 11, 2
157, 11, 1
58, 7, 2
30, 17, 1
13, 12, 0
34, 2, 2
73, 9, 1
30, 6, 2
26, 9, 0
9, 0, 2
102, 2, 1
18, 5, 1
16, 0, 2
61, 8, 2
37, 5, 1
53, 14, 0
57, 4, 1
21, 5, 0
94, 3, 1
27, 10, 2
42, 3, 1
23, 1, 0
101, 9, 0
41, 9, 1
94, 13, 1
87, 0, 0
42, 9, 2
44, 4, 1
100, 12, 0
42, 0, 0
56, 11, 0
22, 10, 1
65, 15, 2


64, 12, 1
36, 16, 1
4, 4, 2
7, 3, 0
66, 0, 1
36, 2, 2
14, 16, 2
56, 4, 2
55, 7, 0
46, 2, 1
82, 9, 0
90, 4, 1
91, 16, 2
62, 5, 1
65, 5, 0
42, 0, 0
44, 1, 2
206, 6, 2
39, 19, 0
59, 4, 1
56, 16, 2
102, 18, 1
67, 0, 0
33, 4, 2
44, 9, 0
92, 4, 0
11, 2, 2
26, 1, 2
91, 6, 0
20, 5, 0
1, 2, 1
14, 1, 2
95, 8, 0
6, 2, 2
70, 0, 0
38, 8, 2
4, 10, 2
14, 9, 1
69, 1, 2
8, 8, 2
14, 8, 0
34, 7, 2
0, 9, 0
92, 14, 2
6, 11, 1
72, 8, 0
105, 7, 0
28, 3, 0
57, 4, 2
22, 2, 1


94, 11, 1
39, 3, 2
37, 13, 2
60, 5, 0
6, 7, 0
58, 5, 0
57, 4, 0
64, 0, 0
55, 7, 0
15, 14, 1
26, 7, 2
47, 5, 0
7, 14, 0
36, 9, 1
0, 5, 1
36, 1, 2
173, 4, 2
30, 1, 2
39, 19, 0
51, 3, 0
54, 14, 2
102, 18, 1
67, 0, 2
68, 4, 1
13, 5, 2
33, 9, 2
97, 2, 1
99, 1, 1
42, 6, 1
38, 12, 1
50, 7, 2
9, 10, 0
23, 12, 0
51, 6, 2
18, 6, 2
1, 2, 0
58, 2, 2
7, 6, 0
88, 1, 2
12, 2, 0
68, 17, 0
83, 6, 0
45, 7, 1
33, 4, 1
102, 4, 1
96, 3, 2
208, 9, 2
65, 3, 1
6, 5, 1
99, 8, 0


38, 9, 1
63, 3, 2
207, 12, 0
49, 14, 2
36, 6, 2
20, 0, 2
55, 4, 1
103, 7, 1
61, 7, 2
27, 10, 0
193, 6, 0
46, 4, 1
45, 19, 1
29, 1, 2
49, 4, 2
83, 0, 0
8, 5, 2
65, 7, 2
0, 10, 1
89, 9, 2
23, 15, 1
102, 18, 1
40, 4, 1
20, 7, 1
59, 3, 1
33, 9, 2
97, 2, 1
65, 2, 0
112, 8, 2
65, 10, 2
31, 4, 1
99, 5, 1
94, 11, 2
2, 7, 2
72, 16, 2
88, 8, 2
79, 6, 0
27, 2, 2
186, 13, 2
17, 6, 1
168, 5, 1
108, 6, 2
17, 1, 1
24, 11, 1
35, 3, 1
100, 0, 1
59, 6, 1
95, 2, 2
93, 6, 1
58, 15, 2


56, 12, 0
34, 15, 1
49, 2, 2
75, 10, 2
45, 13, 0
30, 7, 0
54, 0, 1
45, 6, 2
101, 3, 2
4, 5, 2
27, 12, 2
49, 3, 2
40, 5, 2
93, 18, 2
39, 4, 2
49, 1, 2
57, 3, 1
25, 1, 0
20, 0, 2
32, 3, 2
62, 6, 2
88, 8, 2
26, 0, 2
148, 19, 2
63, 2, 0
21, 7, 2
192, 6, 2
3, 1, 1
32, 8, 1
70, 12, 0
206, 0, 1
73, 1, 0
86, 4, 0
69, 2, 2
0, 1, 0
78, 5, 0
26, 6, 0
102, 1, 2
47, 3, 0
19, 8, 1
19, 2, 2
9, 5, 0
18, 1, 1
85, 6, 1
9, 12, 2
10, 3, 0
37, 0, 2
96, 0, 1
60, 8, 1
33, 0, 2


34, 12, 2
69, 17, 1
10, 0, 2
161, 14, 0
34, 6, 2
137, 11, 2
69, 10, 2
29, 1, 1
44, 5, 1
42, 15, 1
18, 13, 2
50, 5, 2
41, 0, 1
42, 7, 2
33, 14, 1
24, 4, 2
173, 4, 2
206, 6, 2
19, 1, 0
36, 0, 1
4, 6, 2
59, 11, 2
59, 2, 1
57, 8, 1
13, 17, 1
64, 7, 1
158, 18, 2
93, 2, 2
19, 3, 1
59, 6, 2
61, 7, 2
13, 8, 1
85, 3, 0
39, 6, 1
53, 3, 2
68, 2, 0
86, 10, 1
49, 9, 1
27, 10, 0
76, 6, 0
81, 12, 1
103, 5, 0
5, 2, 2
101, 2, 0
50, 10, 0
40, 2, 0
84, 4, 0
67, 3, 1
38, 19, 2
46, 8, 2


30, 17, 0
39, 5, 2
1, 3, 2
17, 7, 1
86, 1, 0
29, 14, 1
12, 4, 1
45, 5, 1
20, 6, 1
35, 0, 2
77, 9, 1
20, 4, 2
36, 18, 1
58, 14, 0
49, 4, 2
66, 2, 0
53, 5, 2
206, 6, 2
49, 1, 1
89, 9, 2
69, 5, 1
65, 9, 2
72, 1, 0
86, 4, 0
59, 3, 1
27, 7, 2
44, 2, 1
28, 0, 2
112, 8, 2
73, 8, 0
31, 7, 1
54, 3, 0
9, 2, 2
19, 3, 0
101, 2, 0
4, 3, 0
6, 17, 2
43, 19, 0
71, 1, 0
27, 4, 1
91, 6, 2
78, 7, 0
62, 3, 0
88, 13, 1
21, 0, 2
114, 15, 0
25, 5, 0
77, 4, 0
100, 4, 0
60, 4, 2


106, 12, 1
4, 17, 2
58, 6, 1
15, 5, 2
27, 7, 2
39, 5, 1
38, 11, 0
208, 3, 1
61, 3, 1
35, 14, 2
105, 19, 2
203, 17, 2
127, 8, 0
154, 4, 1
80, 12, 0
100, 15, 2
1, 8, 1
54, 8, 1
38, 8, 0
23, 12, 2
68, 11, 2
46, 13, 2
13, 1, 2
17, 3, 1
51, 2, 0
36, 5, 0
11, 3, 2
5, 10, 1
133, 10, 1
41, 9, 0
46, 9, 0
51, 5, 1
74, 4, 0
28, 5, 1
60, 17, 2
108, 6, 1
4, 12, 0
48, 11, 0
143, 12, 2
40, 4, 2
26, 10, 2
96, 9, 0
15, 13, 2
53, 14, 1
27, 15, 0
42, 1, 2
87, 12, 1
47, 4, 2
60, 8, 1
90, 4, 1


84, 14, 1
24, 7, 0
2, 1, 0
49, 4, 1
11, 11, 1
85, 4, 1
208, 5, 1
14, 2, 1
24, 0, 1
0, 17, 0
154, 3, 1
25, 4, 1
29, 12, 0
30, 1, 2
87, 4, 1
43, 8, 1
133, 1, 2
17, 8, 1
49, 3, 1
60, 0, 0
50, 10, 1
67, 8, 2
64, 3, 2
29, 2, 1
130, 7, 1
70, 7, 1
94, 0, 1
107, 2, 0
1, 18, 1
82, 14, 0
59, 3, 0
101, 0, 2
190, 16, 2
67, 0, 0
46, 3, 2
87, 11, 0
19, 3, 0
91, 5, 1
0, 3, 0
53, 3, 1
66, 15, 2
98, 8, 0
40, 2, 2
9, 0, 1
98, 1, 1
16, 19, 0
21, 3, 1
80, 1, 2
77, 3, 1
42, 5, 1


56, 11, 2
104, 1, 1
54, 2, 0
30, 15, 0
52, 9, 0
105, 6, 0
125, 19, 2
98, 3, 1
58, 6, 2
80, 15, 0
50, 12, 0
191, 5, 2
31, 7, 0
21, 6, 0
16, 12, 1
63, 1, 2
69, 0, 2
36, 6, 2
43, 3, 2
116, 13, 2
66, 3, 0
13, 13, 1
67, 17, 2
103, 9, 1
100, 2, 2
19, 8, 2
21, 1, 2
72, 3, 2
30, 3, 2
75, 19, 0
7, 3, 1
206, 18, 2
5, 6, 2
35, 0, 2
7, 5, 0
33, 4, 0
40, 8, 2
4, 14, 1
26, 2, 2
70, 9, 0
24, 0, 0
3, 2, 2
53, 7, 0
97, 9, 1
41, 1, 0
27, 7, 0
16, 2, 0
45, 1, 1
47, 7, 0
67, 14, 1


14, 12, 1
208, 7, 1
58, 5, 1
87, 15, 1
66, 0, 1
19, 11, 1
87, 8, 0
45, 6, 2
16, 3, 0
63, 8, 2
41, 13, 0
43, 10, 1
22, 3, 1
29, 12, 0
55, 1, 2
70, 3, 2
163, 1, 2
38, 5, 1
0, 1, 2
57, 0, 0
21, 6, 2
204, 11, 0
55, 4, 1
28, 11, 2
48, 0, 1
11, 2, 1
40, 11, 2
81, 4, 0
32, 1, 2
25, 10, 0
52, 19, 1
90, 0, 0
69, 1, 2
95, 7, 2
76, 5, 1
156, 8, 0
69, 5, 2
101, 5, 0
70, 0, 0
105, 8, 2
33, 8, 0
48, 5, 0
107, 0, 2
43, 14, 0
9, 1, 2
78, 6, 2
30, 7, 2
103, 9, 1
83, 4, 2
104, 4, 2


106, 19, 1
198, 19, 1
26, 8, 0
44, 14, 1
81, 4, 0
106, 1, 0
34, 7, 2
38, 6, 0
207, 3, 1
39, 12, 2
15, 12, 2
25, 3, 2
124, 1, 0
37, 19, 0
32, 8, 2
15, 5, 0
120, 3, 1
65, 14, 1
1, 8, 0
184, 1, 1
93, 8, 1
21, 9, 1
41, 8, 0
50, 16, 0
32, 0, 1
52, 11, 0
167, 4, 0
51, 13, 2
48, 8, 0
60, 7, 2
206, 0, 1
69, 8, 1
1, 13, 0
86, 0, 0
47, 3, 0
24, 6, 2
103, 9, 1
1, 2, 1
71, 2, 2
62, 3, 0
2, 9, 1
90, 2, 1
30, 5, 0
41, 16, 2
9, 9, 0
87, 2, 2
53, 1, 2
93, 5, 0
14, 6, 2
24, 14, 1


10, 12, 2
208, 7, 1
21, 6, 0
97, 3, 0
33, 1, 1
56, 10, 1
6, 3, 2
1, 2, 0
19, 7, 2
68, 12, 2
55, 2, 1
11, 3, 1
102, 8, 0
18, 16, 1
30, 3, 1
4, 15, 2
40, 5, 2
206, 6, 2
39, 19, 0
89, 9, 2
88, 5, 0
64, 1, 0
4, 0, 1
18, 2, 0
69, 3, 0
33, 9, 2
19, 1, 1
78, 2, 0
112, 8, 2
38, 12, 1
50, 7, 2
145, 8, 1
77, 7, 1
93, 4, 1
18, 6, 2
24, 9, 1
68, 7, 2
7, 4, 2
156, 2, 1
76, 4, 1
91, 12, 1
53, 3, 1
40, 1, 2
99, 6, 0
130, 17, 2
87, 4, 0
197, 3, 1
17, 10, 2
92, 14, 2
195, 10, 2


23, 10, 2
17, 6, 0
208, 8, 2
188, 1, 1
40, 1, 0
38, 4, 1
181, 3, 0
12, 7, 1
17, 18, 2
10, 1, 1
94, 7, 2
18, 0, 2
45, 6, 1
45, 3, 2
90, 5, 0
26, 15, 2
10, 5, 1
5, 10, 0
134, 3, 1
26, 1, 1
54, 12, 0
14, 1, 2
62, 19, 0
57, 8, 0
54, 3, 1
36, 9, 1
16, 8, 2
170, 7, 2
85, 12, 1
62, 11, 1
7, 3, 1
7, 8, 2
65, 9, 0
193, 1, 0
39, 4, 2
5, 15, 1
63, 13, 2
40, 5, 1
40, 18, 1
67, 3, 0
40, 11, 0
86, 3, 2
59, 11, 2
35, 8, 2
15, 8, 1
13, 12, 1
23, 5, 2
100, 3, 0
79, 6, 2
23, 2, 1


29, 14, 1
47, 6, 0
27, 12, 0
94, 10, 0
5, 13, 1
78, 11, 0
138, 0, 1
45, 6, 2
101, 3, 2
55, 0, 2
83, 6, 0
9, 5, 1
40, 5, 2
60, 10, 2
70, 9, 0
28, 19, 0
173, 4, 2
206, 6, 2
2, 3, 0
29, 1, 2
92, 5, 0
71, 6, 1
104, 0, 0
54, 6, 1
28, 9, 2
31, 5, 2
11, 3, 2
27, 3, 2
95, 2, 1
25, 10, 2
23, 3, 2
11, 9, 0
32, 8, 2
59, 6, 2
199, 16, 0
54, 3, 2
21, 0, 0
34, 9, 2
208, 10, 1
15, 8, 1
60, 16, 1
104, 7, 0
200, 7, 1
18, 11, 1
80, 4, 0
6, 6, 1
47, 3, 2
69, 7, 2
48, 3, 2
21, 2, 2


19, 9, 2
44, 6, 0
61, 5, 2
85, 7, 0
48, 16, 2
36, 7, 0
38, 11, 0
208, 3, 1
9, 4, 1
31, 5, 2
105, 19, 2
203, 17, 2
10, 0, 1
47, 12, 2
98, 1, 2
13, 15, 1
84, 5, 1
169, 2, 1
38, 8, 0
91, 0, 0
54, 14, 2
102, 18, 1
13, 1, 2
17, 3, 1
19, 6, 2
65, 7, 1
11, 3, 2
68, 3, 0
133, 10, 1
41, 9, 0
46, 9, 0
51, 5, 1
74, 4, 0
28, 5, 1
70, 0, 0
3, 6, 0
4, 10, 2
27, 13, 2
45, 2, 1
8, 8, 2
62, 3, 0
103, 8, 1
0, 9, 0
92, 14, 2
6, 11, 1
72, 8, 0
38, 1, 0
64, 6, 0
57, 4, 2
22, 2, 1


72, 13, 1
44, 7, 0
207, 12, 0
90, 9, 0
33, 2, 1
19, 14, 2
19, 3, 0
208, 3, 1
202, 4, 0
35, 14, 2
28, 2, 1
203, 17, 2
127, 8, 0
154, 4, 1
49, 13, 2
100, 15, 2
29, 1, 2
14, 7, 1
107, 9, 1
9, 11, 2
42, 6, 1
41, 3, 0
8, 6, 1
22, 0, 2
63, 5, 1
15, 18, 1
28, 5, 0
28, 18, 0
91, 1, 0
50, 8, 0
66, 4, 1
27, 5, 1
94, 19, 0
179, 11, 2
25, 8, 2
80, 1, 1
68, 2, 2
55, 8, 2
4, 2, 1
66, 6, 2
98, 0, 0
52, 2, 1
21, 7, 1
42, 11, 0
205, 7, 0
23, 4, 0
86, 0, 1
32, 0, 1
53, 10, 0
88, 6, 1


34, 12, 2
11, 2, 1
144, 3, 2
56, 7, 2
78, 8, 0
41, 5, 2
208, 10, 1
43, 3, 2
71, 9, 1
102, 4, 0
77, 12, 1
44, 5, 1
90, 10, 2
6, 13, 1
14, 9, 0
33, 3, 1
16, 7, 0
18, 12, 1
30, 3, 2
6, 2, 2
61, 14, 0
104, 4, 2
65, 3, 2
54, 6, 0
77, 3, 0
69, 2, 2
25, 3, 0
3, 5, 1
96, 7, 1
16, 0, 2
50, 4, 1
103, 7, 1
104, 12, 2
57, 4, 1
40, 9, 2
48, 9, 2
50, 15, 2
97, 15, 0
33, 2, 2
101, 5, 1
66, 0, 0
65, 7, 2
58, 8, 2
48, 5, 2
50, 10, 0
10, 0, 2
37, 2, 1
31, 3, 0
38, 19, 2
46, 8, 2


10, 12, 2
55, 9, 1
21, 6, 0
97, 3, 0
33, 1, 1
56, 10, 1
6, 3, 2
1, 2, 0
66, 1, 0
68, 5, 1
24, 17, 2
58, 5, 1
102, 8, 0
18, 16, 1
3, 7, 1
33, 6, 0
16, 7, 0
61, 10, 0
15, 9, 1
6, 2, 2
81, 6, 1
64, 13, 2
63, 11, 1
200, 15, 1
63, 2, 0
39, 12, 1
192, 6, 2
3, 1, 1
32, 8, 1
92, 11, 0
206, 0, 1
64, 2, 1
73, 0, 1
13, 1, 0
48, 0, 0
78, 5, 0
68, 7, 1
45, 8, 0
47, 3, 0
19, 8, 1
19, 2, 2
9, 5, 0
18, 1, 1
58, 0, 1
32, 12, 1
80, 8, 1
37, 0, 2
96, 0, 1
60, 8, 1
40, 6, 1


64, 12, 1
36, 16, 1
78, 2, 1
7, 3, 0
66, 0, 1
36, 2, 2
14, 16, 2
56, 4, 2
55, 7, 0
46, 2, 1
71, 17, 1
90, 4, 1
91, 16, 2
49, 10, 0
26, 8, 1
42, 0, 0
44, 1, 2
63, 3, 2
39, 19, 0
59, 4, 1
56, 16, 2
83, 7, 1
13, 2, 0
33, 4, 2
27, 1, 2
17, 19, 1
8, 11, 1
23, 19, 0
26, 4, 0
58, 7, 0
71, 0, 2
102, 11, 2
15, 5, 2
80, 15, 1
72, 7, 1
207, 17, 2
133, 18, 2
77, 6, 1
3, 1, 2
95, 3, 2
33, 11, 2
27, 4, 1
12, 0, 2
62, 6, 0
83, 8, 2
31, 6, 0
33, 0, 0
35, 6, 2
37, 4, 1
7, 5, 1


64, 7, 1
33, 10, 2
131, 13, 1
102, 10, 1
60, 0, 0
97, 11, 2
76, 14, 0
3, 15, 0
72, 6, 2
54, 5, 1
50, 12, 0
55, 16, 1
40, 5, 2
40, 9, 1
15, 11, 1
38, 11, 1
4, 5, 0
97, 17, 2
16, 1, 0
62, 2, 1
22, 10, 2
85, 7, 0
144, 12, 0
10, 19, 2
58, 3, 0
17, 10, 0
192, 6, 2
69, 9, 0
75, 8, 2
92, 11, 0
206, 0, 1
1, 8, 1
73, 0, 1
24, 1, 0
13, 4, 1
78, 5, 0
68, 7, 1
49, 10, 2
47, 3, 0
38, 7, 1
102, 5, 1
49, 3, 0
18, 1, 1
97, 6, 2
32, 12, 1
80, 8, 1
20, 4, 1
35, 6, 2
64, 8, 1
7, 6, 0


57, 6, 1
40, 19, 1
32, 6, 1
171, 16, 2
40, 7, 0
21, 1, 0
97, 13, 2
30, 3, 2
55, 6, 2
45, 9, 1
26, 7, 2
78, 3, 1
91, 16, 2
36, 9, 1
198, 1, 1
60, 9, 1
53, 5, 0
206, 6, 2
5, 0, 2
2, 1, 1
4, 6, 2
64, 11, 1
63, 2, 2
46, 6, 2
113, 16, 1
11, 6, 0
58, 11, 2
93, 2, 2
61, 6, 0
31, 9, 0
79, 4, 0
145, 8, 1
40, 10, 1
56, 2, 0
52, 0, 1
47, 6, 2
68, 7, 2
44, 16, 1
156, 2, 1
76, 4, 1
91, 12, 1
23, 11, 2
40, 1, 2
2, 2, 0
130, 17, 2
87, 4, 0
197, 3, 1
8, 12, 2
24, 6, 1
195, 10, 2


72, 13, 1
52, 18, 2
207, 12, 0
40, 17, 2
5, 13, 1
3, 8, 2
8, 6, 2
43, 3, 2
35, 5, 1
107, 9, 1
78, 6, 2
90, 4, 1
63, 10, 1
34, 11, 1
70, 6, 2
13, 7, 2
67, 6, 0
8, 15, 1
8, 1, 2
14, 5, 2
16, 14, 0
8, 0, 2
55, 0, 2
20, 12, 0
41, 6, 1
64, 13, 2
2, 19, 1
39, 5, 2
40, 2, 0
9, 6, 1
208, 19, 0
38, 0, 0
69, 1, 2
22, 4, 2
76, 5, 1
156, 8, 0
45, 5, 1
101, 5, 0
2, 4, 0
94, 4, 1
13, 2, 2
60, 2, 2
62, 0, 1
43, 14, 0
50, 0, 2
45, 6, 1
45, 10, 0
52, 3, 1
71, 7, 0
81, 9, 1


11, 7, 0
64, 0, 1
33, 7, 1
29, 3, 0
27, 7, 2
39, 5, 1
38, 11, 0
208, 3, 1
33, 0, 1
35, 14, 2
105, 19, 2
203, 17, 2
127, 8, 0
22, 4, 2
20, 6, 2
58, 10, 2
66, 0, 2
54, 8, 1
38, 8, 0
23, 12, 2
68, 11, 2
67, 7, 2
13, 1, 2
17, 3, 1
51, 2, 0
36, 5, 0
11, 3, 2
5, 10, 1
133, 10, 1
85, 3, 1
46, 9, 0
51, 5, 1
74, 4, 0
28, 5, 1
13, 12, 2
73, 6, 1
4, 12, 0
48, 11, 0
143, 12, 2
40, 4, 2
26, 10, 2
96, 9, 0
15, 13, 2
53, 14, 1
27, 15, 0
42, 1, 2
87, 12, 1
47, 4, 2
60, 8, 1
90, 4, 1


4, 7, 1
208, 7, 1
13, 2, 0
70, 1, 1
61, 2, 1
182, 1, 2
29, 1, 2
47, 0, 0
5, 1, 0
117, 18, 0
56, 14, 0
13, 4, 0
15, 6, 2
56, 5, 2
104, 0, 1
8, 1, 2
37, 9, 0
92, 11, 2
157, 11, 1
59, 3, 0
30, 17, 1
17, 7, 2
41, 4, 0
6, 8, 1
9, 1, 2
74, 9, 0
53, 6, 1
28, 5, 2
13, 0, 1
97, 13, 2
32, 8, 1
56, 8, 0
48, 6, 1
78, 6, 1
182, 6, 2
19, 6, 0
40, 8, 1
208, 5, 0
61, 7, 0
193, 0, 0
61, 10, 0
100, 6, 2
56, 0, 2
43, 13, 0
35, 10, 0
46, 2, 2
87, 16, 0
134, 12, 1
51, 14, 2
9, 8, 2


94, 14, 1
43, 16, 0
47, 0, 0
42, 9, 1
34, 1, 0
18, 1, 0
60, 7, 2
27, 2, 1
41, 5, 2
76, 6, 2
48, 12, 0
65, 3, 2
91, 16, 2
16, 15, 2
4, 2, 2
28, 19, 0
38, 4, 1
206, 6, 2
15, 6, 0
29, 1, 2
30, 3, 2
102, 18, 1
104, 0, 0
60, 4, 0
6, 7, 0
79, 5, 2
11, 3, 2
23, 12, 1
3, 0, 1
83, 10, 0
63, 3, 0
51, 5, 1
45, 5, 0
109, 14, 2
197, 15, 2
3, 8, 1
65, 9, 1
208, 5, 0
97, 10, 2
193, 0, 0
95, 3, 0
100, 6, 2
68, 14, 0
15, 9, 1
74, 3, 2
19, 8, 2
52, 1, 0
42, 14, 1
21, 14, 2
71, 7, 2


38, 9, 1
47, 6, 0
207, 12, 0
83, 2, 0
5, 13, 1
78, 11, 0
138, 0, 1
45, 6, 2
101, 3, 2
4, 5, 2
83, 6, 0
9, 5, 1
40, 5, 2
52, 15, 0
9, 12, 2
49, 1, 2
16, 3, 0
62, 8, 1
173, 15, 2
99, 2, 0
12, 3, 1
91, 6, 1
25, 0, 1
25, 19, 0
35, 5, 0
12, 7, 2
66, 6, 0
25, 3, 0
29, 1, 1
92, 2, 1
81, 8, 0
161, 16, 2
54, 2, 2
31, 7, 2
197, 15, 2
4, 8, 1
60, 13, 0
43, 10, 1
105, 2, 2
107, 8, 2
46, 7, 1
56, 8, 2
75, 6, 0
49, 16, 1
4, 0, 0
16, 19, 0
64, 1, 2
15, 4, 2
77, 3, 1
18, 7, 1


46, 14, 1
185, 7, 2
63, 1, 0
151, 8, 1
148, 19, 1
15, 0, 2
70, 1, 0
18, 10, 2
208, 16, 0
21, 14, 1
4, 0, 0
167, 12, 0
55, 8, 1
15, 2, 2
81, 17, 0
59, 6, 2
163, 1, 2
38, 5, 1
0, 1, 2
37, 0, 1
50, 9, 1
204, 11, 0
33, 17, 0
57, 16, 1
95, 5, 0
62, 16, 2
53, 2, 2
42, 12, 0
49, 6, 1
6, 3, 2
3, 19, 0
196, 9, 2
46, 15, 0
40, 5, 2
147, 9, 0
87, 5, 1
85, 11, 0
1, 11, 1
9, 2, 2
95, 8, 0
69, 4, 1
22, 0, 1
17, 9, 2
208, 5, 2
90, 2, 2
153, 1, 0
23, 6, 2
190, 8, 2
135, 9, 2
159, 17, 0


57, 19, 2
39, 5, 2
26, 0, 0
65, 6, 1
42, 9, 1
16, 0, 2
138, 0, 1
68, 19, 2
48, 5, 0
11, 2, 2
28, 18, 2
129, 18, 0
23, 2, 0
70, 6, 1
33, 14, 1
43, 6, 1
208, 5, 0
146, 9, 1
116, 12, 2
47, 17, 1
45, 13, 1
7, 14, 1
2, 7, 2
37, 1, 2
50, 1, 1
15, 5, 0
22, 1, 2
45, 0, 2
91, 6, 0
20, 5, 0
1, 2, 1
14, 1, 2
95, 8, 0
6, 2, 2
32, 2, 1
19, 9, 0
98, 2, 0
51, 13, 0
69, 1, 2
8, 8, 2
14, 8, 0
53, 4, 0
0, 9, 0
92, 5, 2
6, 11, 1
24, 4, 0
49, 3, 0
28, 3, 0
57, 4, 2
62, 3, 0


196, 13, 2
208, 7, 1
191, 3, 2
10, 5, 2
15, 4, 0
182, 1, 2
181, 3, 0
156, 11, 2
154, 12, 2
122, 0, 2
33, 19, 2
29, 0, 0
36, 10, 0
109, 7, 1
192, 18, 0
45, 5, 0
29, 4, 0
12, 4, 1
193, 5, 1
68, 0, 1
144, 12, 2
42, 13, 1
44, 11, 2
29, 17, 2
90, 15, 2
89, 16, 2
16, 14, 1
63, 8, 1
114, 1, 0
175, 3, 2
141, 7, 0
88, 19, 2
158, 16, 2
50, 4, 0
100, 7, 0
25, 11, 2
107, 9, 1
49, 15, 0
156, 2, 1
5, 12, 2
91, 12, 1
94, 13, 1
25, 16, 0
82, 3, 1
130, 17, 2
38, 7, 2
197, 3, 1
8, 12, 2
71, 10, 2
87, 11, 0


4, 7, 1
208, 7, 1
7, 0, 1
70, 1, 1
15, 4, 0
182, 1, 2
29, 1, 2
47, 0, 0
72, 3, 2
117, 18, 0
56, 14, 0
60, 0, 2
31, 2, 0
56, 5, 2
104, 0, 1
46, 10, 2
23, 6, 1
92, 11, 2
157, 11, 1
9, 9, 0
30, 17, 1
17, 7, 2
35, 1, 1
55, 7, 0
84, 0, 1
74, 9, 0
14, 6, 0
150, 14, 0
26, 6, 2
189, 14, 0
48, 7, 0
33, 7, 2
23, 2, 2
191, 16, 0
8, 7, 2
125, 12, 2
5, 12, 2
23, 17, 0
1, 9, 0
17, 18, 2
11, 2, 0
40, 1, 1
91, 17, 2
21, 14, 0
22, 11, 1
19, 1, 2
64, 1, 2
30, 12, 0
3, 3, 2
84, 9, 1


10, 14, 2
22, 18, 1
9, 1, 1
44, 14, 1
81, 4, 0
106, 1, 0
34, 7, 2
38, 6, 0
207, 3, 1
97, 8, 2
15, 12, 2
25, 3, 2
13, 4, 1
37, 19, 0
98, 9, 0
26, 6, 0
120, 3, 1
65, 14, 1
30, 0, 1
51, 2, 2
93, 8, 1
21, 9, 1
41, 8, 0
50, 16, 0
32, 0, 1
52, 11, 0
167, 4, 0
51, 13, 2
48, 8, 0
60, 7, 2
206, 0, 1
69, 8, 1
64, 14, 2
86, 0, 0
55, 2, 0
24, 6, 2
103, 9, 1
1, 2, 1
71, 2, 2
66, 7, 0
2, 9, 1
90, 2, 1
54, 17, 0
82, 3, 1
37, 5, 0
34, 1, 0
42, 0, 0
5, 12, 1
71, 10, 2
103, 4, 1


28, 3, 2
12, 9, 2
61, 8, 0
176, 13, 2
6, 7, 0
97, 16, 2
195, 6, 2
199, 15, 1
98, 2, 1
14, 4, 1
37, 1, 1
61, 0, 2
184, 19, 2
26, 6, 1
37, 15, 2
160, 13, 0
153, 11, 1
66, 5, 2
134, 3, 1
20, 2, 0
74, 2, 1
18, 14, 1
159, 18, 2
82, 14, 2
169, 1, 1
67, 12, 1
104, 6, 1
170, 7, 2
85, 12, 1
25, 4, 0
199, 12, 1
206, 18, 2
6, 2, 1
193, 1, 0
56, 12, 0
5, 15, 1
24, 7, 0
29, 10, 1
40, 18, 1
103, 13, 1
44, 10, 2
50, 3, 2
68, 11, 0
3, 6, 2
85, 10, 2
56, 8, 1
102, 3, 0
47, 19, 1
114, 4, 2
90, 10, 0


82, 7, 1
47, 6, 0
207, 12, 0
13, 2, 0
10, 2, 0
78, 11, 0
55, 4, 1
103, 7, 1
67, 4, 2
41, 7, 1
5, 1, 1
47, 3, 1
17, 6, 2
142, 15, 0
21, 9, 2
30, 11, 2
62, 10, 1
42, 14, 1
21, 2, 2
21, 15, 1
9, 11, 1
207, 19, 1
46, 8, 1
53, 5, 1
27, 0, 2
66, 12, 2
36, 2, 0
19, 4, 2
19, 9, 1
97, 12, 2
98, 6, 2
37, 16, 2
65, 9, 0
41, 5, 2
79, 7, 0
5, 15, 1
61, 13, 1
69, 1, 2
40, 18, 1
18, 14, 0
4, 4, 0
83, 4, 0
63, 19, 2
60, 5, 2
12, 1, 2
13, 15, 2
66, 0, 2
47, 18, 1
140, 1, 0
74, 10, 1


6, 16, 1
198, 19, 1
26, 8, 0
28, 4, 2
46, 8, 0
52, 5, 1
208, 5, 1
92, 1, 1
64, 19, 1
80, 8, 2
72, 8, 2
36, 12, 1
68, 8, 1
19, 7, 1
111, 14, 1
18, 0, 2
32, 1, 0
33, 5, 2
6, 2, 0
0, 0, 0
94, 10, 2
193, 14, 1
44, 10, 0
8, 14, 1
39, 18, 0
68, 2, 1
58, 4, 2
101, 2, 0
35, 17, 1
202, 12, 2
41, 9, 0
73, 1, 2
3, 6, 1
54, 7, 2
89, 6, 2
13, 2, 0
103, 9, 1
14, 4, 2
15, 4, 0
63, 14, 0
60, 7, 2
38, 3, 2
5, 6, 0
45, 0, 1
42, 3, 2
2, 0, 1
75, 0, 2
53, 3, 1
103, 3, 2
38, 13, 0


46, 6, 1
1, 6, 0
62, 1, 1
9, 16, 1
34, 6, 2
137, 11, 2
69, 10, 2
16, 4, 1
50, 7, 1
85, 5, 0
7, 9, 0
50, 5, 2
41, 0, 1
42, 7, 2
15, 13, 0
61, 9, 1
208, 5, 0
146, 9, 1
116, 12, 2
16, 2, 1
192, 10, 0
48, 10, 0
128, 9, 1
73, 12, 0
29, 4, 2
7, 5, 2
63, 2, 0
25, 5, 2
96, 6, 0
56, 5, 1
32, 4, 0
54, 3, 0
45, 0, 2
19, 3, 0
74, 3, 2
98, 2, 0
30, 11, 0
89, 1, 2
22, 3, 0
60, 8, 2
80, 4, 1
35, 3, 0
9, 3, 1
4, 9, 2
38, 11, 2
114, 15, 0
105, 17, 2
5, 1, 1
71, 10, 2
63, 4, 0


64, 12, 1
36, 16, 1
24, 3, 2
35, 5, 0
59, 3, 2
36, 2, 2
3, 0, 0
56, 4, 2
55, 7, 0
46, 2, 1
53, 5, 2
90, 4, 1
91, 16, 2
62, 5, 1
65, 5, 0
100, 2, 1
44, 1, 2
206, 6, 2
39, 19, 0
59, 4, 1
56, 16, 2
102, 18, 1
67, 0, 0
10, 6, 0
44, 9, 0
92, 4, 0
11, 2, 2
80, 3, 1
104, 2, 1
20, 5, 0
1, 2, 1
14, 1, 2
95, 8, 0
6, 2, 2
59, 8, 2
188, 3, 2
102, 7, 1
69, 13, 2
10, 3, 0
17, 8, 1
8, 8, 2
32, 12, 2
21, 7, 1
28, 9, 2
205, 7, 0
35, 9, 1
86, 0, 1
32, 0, 1
39, 6, 0
49, 6, 2


44, 10, 1
43, 5, 0
14, 0, 1
42, 7, 2
63, 4, 2
133, 7, 1
54, 0, 2
3, 15, 0
55, 7, 0
12, 4, 1
26, 7, 2
78, 3, 1
91, 16, 2
31, 1, 0
65, 1, 1
55, 14, 1
36, 3, 1
41, 3, 2
50, 2, 1
18, 1, 2
4, 6, 2
68, 15, 0
92, 1, 2
11, 2, 1
102, 9, 0
42, 1, 1
68, 10, 0
93, 2, 2
72, 3, 1
25, 10, 0
52, 19, 1
108, 4, 0
30, 6, 2
89, 7, 1
182, 6, 2
60, 6, 2
1, 6, 1
64, 3, 2
93, 13, 2
57, 9, 1
98, 4, 2
21, 10, 1
208, 16, 2
81, 12, 2
35, 8, 2
68, 0, 1
18, 5, 1
30, 12, 0
58, 1, 0
67, 6, 2


96, 11, 1
135, 14, 0
69, 1, 0
151, 8, 1
63, 14, 2
127, 4, 0
131, 3, 2
77, 4, 2
208, 16, 0
25, 11, 1
41, 4, 1
167, 12, 0
21, 3, 2
54, 13, 1
44, 16, 0
59, 6, 2
16, 4, 1
122, 6, 1
95, 13, 2
54, 2, 2
14, 16, 1
193, 14, 1
44, 10, 0
10, 17, 2
39, 18, 0
175, 17, 1
6, 14, 2
1, 7, 0
35, 15, 2
13, 4, 0
190, 4, 2
34, 9, 2
7, 9, 2
60, 5, 0
60, 13, 2
24, 6, 0
9, 6, 0
38, 3, 1
81, 2, 1
17, 7, 0
24, 17, 0
5, 3, 2
191, 9, 2
53, 0, 1
181, 5, 0
31, 3, 1
7, 10, 1
27, 0, 1
84, 11, 1
105, 9, 0


7, 9, 2
62, 19, 2
207, 12, 0
36, 5, 1
39, 3, 0
80, 7, 0
53, 16, 0
30, 5, 0
180, 12, 0
86, 10, 2
11, 0, 0
57, 13, 2
69, 1, 0
43, 7, 1
98, 12, 2
17, 10, 2
39, 17, 2
37, 10, 2
58, 1, 1
21, 15, 1
190, 15, 2
6, 14, 1
60, 0, 2
9, 10, 0
29, 3, 1
7, 5, 0
41, 6, 2
50, 7, 0
44, 4, 0
71, 7, 1
33, 1, 1
66, 5, 1
17, 17, 0
18, 4, 0
5, 8, 2
3, 2, 1
83, 9, 1
25, 4, 1
25, 6, 0
18, 12, 0
16, 3, 2
116, 1, 1
33, 2, 1
43, 14, 0
92, 3, 2
19, 5, 2
173, 6, 1
23, 8, 0
67, 9, 2
104, 4, 2


23, 11, 0
55, 5, 0
207, 12, 0
90, 9, 0
33, 2, 1
19, 14, 2
38, 11, 0
208, 3, 1
37, 8, 0
69, 11, 1
29, 0, 1
203, 17, 2
43, 0, 1
25, 9, 2
49, 13, 2
100, 15, 2
30, 3, 1
66, 11, 2
11, 4, 0
56, 12, 1
42, 6, 1
16, 12, 2
81, 19, 0
22, 0, 2
63, 5, 1
97, 16, 2
65, 1, 2
46, 11, 1
3, 4, 1
50, 8, 0
66, 4, 1
27, 5, 1
94, 19, 0
179, 11, 2
101, 8, 2
197, 14, 0
9, 3, 2
34, 6, 0
57, 0, 1
99, 4, 1
55, 10, 2
25, 14, 1
48, 5, 1
42, 2, 1
68, 1, 0
94, 5, 1
87, 16, 0
19, 6, 1
60, 6, 2
0, 11, 1


68, 3, 2
43, 16, 0
12, 2, 2
161, 1, 1
18, 16, 0
207, 13, 0
12, 5, 2
32, 2, 2
33, 6, 0
26, 19, 0
22, 10, 2
28, 9, 1
53, 9, 2
6, 3, 0
55, 13, 1
16, 11, 0
23, 6, 1
6, 4, 2
64, 13, 2
57, 1, 0
190, 15, 2
86, 9, 2
3, 14, 1
128, 13, 1
60, 6, 0
36, 5, 2
50, 1, 1
171, 12, 0
147, 9, 0
78, 8, 0
6, 0, 2
97, 2, 1
101, 6, 2
89, 8, 2
45, 9, 2
100, 3, 2
79, 6, 2
103, 6, 2
26, 4, 0
32, 5, 0
87, 2, 0
47, 2, 2
88, 4, 1
54, 0, 0
120, 12, 2
93, 1, 1
82, 0, 1
67, 8, 1
76, 5, 0
40, 5, 1


54, 16, 2
57, 3, 1
6, 11, 0
176, 13, 2
46, 3, 1
106, 1, 0
58, 0, 0
174, 3, 0
207, 3, 1
36, 7, 2
97, 9, 0
25, 3, 2
42, 7, 2
115, 9, 2
21, 6, 0
25, 13, 1
27, 8, 0
7, 19, 2
0, 1, 2
20, 3, 2
49, 11, 1
102, 18, 1
9, 3, 0
135, 9, 1
15, 18, 0
32, 4, 0
31, 12, 2
44, 2, 0
96, 6, 2
130, 7, 2
3, 19, 0
105, 11, 1
101, 7, 1
28, 10, 2
7, 1, 0
188, 3, 2
85, 11, 0
92, 5, 0
3, 2, 0
58, 3, 0
98, 0, 0
52, 2, 1
40, 15, 1
28, 9, 2
205, 7, 0
42, 1, 2
87, 12, 1
40, 6, 0
60, 8, 1
90, 4, 1


56, 12, 0
34, 15, 1
26, 0, 2
31, 3, 2
24, 2, 1
196, 5, 1
14, 0, 2
128, 14, 2
185, 3, 1
100, 18, 0
73, 14, 2
43, 12, 0
149, 11, 1
142, 11, 0
67, 18, 0
6, 13, 1
38, 4, 1
31, 10, 0
55, 5, 1
67, 2, 1
173, 8, 1
59, 10, 0
69, 3, 2
200, 15, 1
63, 2, 0
80, 3, 0
98, 3, 0
3, 1, 1
75, 8, 2
92, 11, 0
206, 0, 1
64, 2, 1
73, 0, 1
42, 5, 0
27, 16, 0
43, 0, 2
77, 3, 0
27, 7, 2
53, 3, 1
193, 0, 0
81, 10, 1
5, 4, 0
31, 2, 0
17, 8, 2
59, 0, 2
30, 14, 0
64, 6, 1
83, 12, 2
106, 7, 2
78, 14, 2


16, 19, 0
208, 7, 1
51, 7, 0
97, 3, 0
33, 1, 1
11, 3, 1
47, 0, 0
1, 2, 0
16, 4, 1
68, 12, 2
88, 11, 2
58, 5, 1
18, 1, 0
49, 3, 2
93, 1, 1
75, 9, 1
16, 7, 0
61, 10, 0
15, 9, 1
6, 2, 2
61, 14, 0
101, 5, 2
23, 1, 1
15, 1, 2
90, 15, 2
15, 18, 1
29, 1, 1
46, 11, 1
3, 4, 1
50, 8, 0
95, 6, 1
27, 5, 1
94, 19, 0
179, 11, 2
22, 12, 1
197, 14, 0
41, 6, 1
56, 7, 0
57, 0, 1
73, 2, 0
24, 13, 0
39, 11, 0
3, 1, 2
26, 8, 2
75, 1, 1
94, 5, 1
26, 9, 2
19, 6, 1
60, 6, 2
0, 11, 1


3, 16, 1
208, 7, 1
58, 5, 1
97, 3, 0
22, 1, 0
19, 11, 1
87, 8, 0
45, 6, 2
16, 3, 0
63, 8, 2
41, 13, 0
25, 16, 1
55, 8, 1
29, 12, 0
55, 1, 2
70, 3, 2
163, 1, 2
38, 5, 1
0, 1, 2
37, 0, 1
21, 6, 2
204, 11, 0
55, 4, 1
28, 11, 2
48, 0, 1
11, 2, 1
68, 10, 0
33, 5, 0
32, 1, 2
25, 10, 0
52, 19, 1
90, 0, 0
30, 6, 2
64, 1, 0
182, 6, 2
60, 6, 2
2, 6, 1
64, 3, 2
33, 7, 2
17, 6, 0
82, 5, 0
52, 11, 2
208, 16, 2
81, 12, 2
79, 7, 1
68, 0, 2
73, 0, 2
78, 8, 2
85, 5, 0
67, 6, 2


7, 11, 2
43, 16, 0
31, 0, 1
91, 7, 2
27, 8, 0
22, 0, 0
60, 7, 2
5, 1, 1
48, 4, 0
11, 0, 1
54, 1, 0
65, 3, 2
15, 4, 1
16, 15, 2
4, 2, 2
21, 8, 2
173, 4, 2
206, 6, 2
7, 4, 2
29, 1, 2
19, 12, 0
59, 5, 2
28, 2, 2
60, 4, 0
6, 7, 0
36, 1, 2
37, 3, 1
23, 12, 1
33, 2, 2
68, 12, 0
103, 3, 0
47, 2, 2
17, 5, 1
65, 16, 1
52, 16, 0
70, 12, 1
74, 4, 0
92, 1, 1
21, 1, 0
20, 6, 1
25, 7, 1
36, 11, 0
84, 11, 0
58, 11, 0
48, 1, 0
51, 9, 1
42, 0, 0
27, 15, 0
92, 8, 0
59, 1, 2


51, 15, 1
61, 14, 2
10, 1, 0
14, 14, 0
35, 4, 1
14, 5, 1
181, 3, 0
156, 11, 2
98, 2, 1
44, 3, 1
19, 14, 0
61, 0, 2
12, 15, 0
61, 3, 0
69, 2, 2
32, 1, 1
53, 1, 0
36, 6, 2
67, 4, 2
116, 13, 2
22, 4, 0
13, 13, 1
67, 17, 2
103, 9, 1
169, 1, 1
19, 8, 2
21, 1, 2
72, 3, 2
30, 3, 2
1, 11, 2
7, 3, 1
206, 18, 2
5, 6, 2
35, 0, 2
7, 5, 0
88, 6, 2
40, 8, 2
4, 14, 1
59, 2, 2
70, 9, 0
24, 0, 0
3, 2, 2
65, 7, 0
97, 9, 1
41, 1, 0
27, 7, 0
16, 2, 0
45, 1, 1
84, 11, 1
67, 14, 1


57, 19, 2
39, 5, 2
1, 3, 2
17, 7, 1
86, 1, 0
38, 4, 1
181, 3, 0
35, 8, 2
38, 11, 1
122, 0, 2
55, 18, 2
34, 4, 1
48, 11, 2
109, 7, 1
31, 11, 2
45, 5, 0
54, 5, 0
12, 4, 1
20, 5, 0
68, 0, 1
144, 12, 2
42, 13, 1
18, 4, 1
32, 18, 2
14, 9, 1
89, 16, 2
62, 8, 2
54, 2, 2
2, 4, 0
175, 3, 2
141, 7, 0
88, 19, 2
100, 5, 0
24, 3, 1
100, 7, 0
62, 2, 1
107, 9, 1
49, 15, 0
27, 1, 1
5, 12, 2
87, 8, 1
30, 7, 2
36, 0, 0
11, 5, 0
205, 7, 0
65, 4, 1
173, 6, 1
10, 9, 0
160, 8, 2
77, 2, 1


7, 11, 2
43, 16, 2
109, 2, 0
78, 9, 0
6, 8, 2
28, 12, 1
6, 10, 0
26, 6, 2
32, 1, 0
77, 17, 0
72, 0, 1
129, 18, 0
45, 5, 0
62, 8, 2
46, 16, 0
21, 7, 0
208, 5, 0
82, 14, 1
74, 3, 0
99, 3, 1
19, 3, 1
51, 8, 1
56, 1, 2
3, 4, 2
15, 4, 1
93, 11, 2
36, 3, 0
69, 2, 1
9, 8, 2
84, 13, 1
53, 3, 0
89, 11, 1
48, 3, 0
41, 8, 2
98, 0, 1
101, 5, 0
11, 2, 2
107, 13, 1
43, 3, 1
50, 7, 1
48, 10, 0
90, 2, 1
63, 19, 2
60, 5, 2
80, 2, 1
13, 15, 2
5, 2, 2
47, 18, 1
140, 1, 0
31, 9, 2


34, 12, 2
29, 13, 1
32, 1, 0
161, 14, 0
46, 0, 1
137, 11, 2
208, 10, 1
43, 3, 2
158, 17, 1
92, 10, 0
3, 15, 2
6, 5, 0
76, 13, 0
65, 16, 1
15, 0, 2
52, 3, 1
60, 3, 0
79, 7, 0
9, 4, 2
29, 3, 0
89, 14, 2
160, 6, 0
8, 2, 2
48, 0, 0
4, 19, 1
13, 4, 2
35, 5, 1
62, 18, 0
66, 3, 1
162, 8, 1
4, 2, 2
87, 0, 2
68, 7, 1
8, 7, 0
97, 0, 1
78, 5, 0
39, 2, 0
11, 15, 1
47, 3, 0
38, 7, 1
41, 6, 1
45, 6, 1
18, 1, 1
64, 6, 2
16, 14, 0
80, 8, 1
37, 0, 2
47, 5, 2
64, 8, 1
16, 4, 2


23, 10, 2
17, 6, 0
208, 8, 2
188, 1, 1
58, 6, 0
38, 4, 1
181, 3, 0
24, 5, 1
0, 5, 2
48, 4, 0
26, 7, 2
62, 3, 0
91, 16, 2
36, 9, 1
198, 1, 1
24, 4, 2
173, 4, 2
206, 6, 2
19, 1, 0
36, 0, 1
4, 6, 2
31, 9, 0
63, 2, 2
57, 8, 1
13, 17, 1
64, 7, 1
158, 18, 2
93, 2, 2
19, 3, 1
59, 6, 2
42, 10, 0
13, 8, 1
70, 3, 2
39, 6, 1
55, 2, 1
68, 2, 0
86, 10, 1
56, 10, 0
144, 17, 0
76, 6, 0
81, 12, 1
66, 9, 0
5, 2, 2
101, 2, 0
50, 10, 0
5, 3, 0
84, 4, 0
31, 3, 0
38, 19, 2
46, 8, 2


34, 12, 2
11, 2, 1
207, 12, 0
90, 9, 0
33, 2, 1
19, 14, 2
6, 9, 2
208, 3, 1
16, 8, 2
35, 14, 2
55, 3, 0
203, 17, 2
43, 0, 1
154, 4, 1
49, 13, 2
100, 15, 2
30, 3, 1
66, 11, 2
31, 6, 2
61, 11, 2
42, 6, 1
73, 6, 1
81, 19, 0
22, 0, 2
40, 1, 2
15, 18, 1
65, 1, 2
46, 11, 1
3, 4, 1
40, 9, 2
57, 5, 1
27, 5, 1
56, 16, 1
179, 11, 2
101, 8, 2
197, 14, 0
74, 6, 2
34, 6, 0
57, 0, 1
7, 8, 2
76, 19, 2
25, 14, 1
69, 5, 2
26, 8, 2
75, 1, 1
45, 2, 0
60, 8, 1
19, 6, 1
60, 6, 2
0, 11, 1


43, 1, 2
49, 13, 0
3, 2, 1
66, 4, 2
60, 13, 2
54, 3, 1
38, 3, 1
208, 3, 1
202, 4, 0
28, 6, 1
105, 19, 2
19, 16, 1
45, 9, 0
154, 4, 1
28, 1, 1
105, 2, 2
5, 11, 2
61, 12, 1
38, 8, 0
1, 14, 2
10, 7, 2
73, 6, 1
81, 19, 0
22, 0, 2
23, 6, 0
11, 9, 2
97, 3, 0
28, 18, 0
188, 3, 2
130, 10, 1
7, 2, 0
67, 9, 2
94, 19, 0
14, 3, 1
15, 1, 0
19, 6, 1
13, 4, 1
50, 8, 0
33, 1, 2
102, 3, 1
61, 5, 1
105, 9, 0
11, 2, 2
36, 8, 2
45, 2, 2
24, 10, 1
60, 1, 1
68, 2, 2
57, 9, 0
88, 11, 1


57, 19, 2
39, 5, 2
1, 3, 2
17, 7, 1
86, 1, 0
38, 4, 1
181, 3, 0
79, 4, 0
20, 6, 1
35, 0, 2
77, 9, 1
20, 4, 2
36, 18, 1
38, 12, 0
49, 4, 2
66, 2, 0
53, 5, 2
206, 6, 2
49, 1, 1
89, 9, 2
69, 5, 1
102, 18, 1
34, 2, 1
13, 3, 2
59, 3, 1
33, 9, 2
97, 2, 1
28, 0, 2
112, 8, 2
73, 8, 0
50, 7, 0
62, 2, 1
175, 10, 0
162, 7, 2
72, 16, 2
14, 2, 1
64, 2, 2
9, 7, 0
21, 15, 1
5, 3, 2
168, 5, 1
100, 5, 0
17, 1, 1
24, 11, 1
8, 7, 1
23, 1, 2
59, 9, 2
15, 6, 0
8, 3, 0
25, 3, 1


28, 3, 2
12, 9, 2
61, 8, 0
86, 1, 1
11, 6, 0
97, 16, 2
195, 6, 2
199, 15, 1
98, 2, 1
19, 0, 2
37, 1, 1
61, 0, 2
184, 19, 2
26, 6, 1
37, 15, 2
160, 13, 0
41, 5, 0
66, 5, 2
134, 3, 1
20, 2, 0
80, 5, 0
18, 14, 1
159, 18, 2
82, 14, 2
169, 1, 1
67, 12, 1
104, 6, 1
170, 7, 2
85, 12, 1
25, 4, 0
26, 13, 1
206, 18, 2
6, 2, 1
193, 1, 0
56, 12, 0
53, 10, 0
39, 10, 2
9, 16, 0
40, 18, 1
103, 13, 1
44, 10, 2
60, 6, 2
68, 11, 0
15, 10, 0
30, 12, 1
98, 3, 1
68, 10, 0
41, 10, 2
98, 7, 0
101, 3, 1


64, 12, 1
34, 14, 2
4, 4, 2
7, 3, 0
66, 0, 1
36, 2, 2
14, 16, 2
15, 5, 0
24, 2, 0
14, 11, 0
56, 7, 0
90, 4, 1
91, 16, 2
62, 5, 1
65, 5, 0
42, 0, 0
44, 1, 2
206, 6, 2
39, 19, 0
59, 4, 1
56, 16, 2
51, 3, 0
53, 0, 2
33, 4, 2
44, 9, 0
27, 4, 1
16, 8, 2
50, 5, 1
1, 10, 2
97, 5, 0
41, 1, 1
22, 0, 0
65, 9, 0
193, 1, 0
100, 6, 2
22, 9, 2
20, 3, 0
89, 5, 2
63, 1, 0
35, 8, 1
40, 11, 0
86, 3, 2
51, 10, 2
4, 14, 2
36, 5, 1
102, 3, 0
23, 5, 2
54, 7, 0
34, 3, 1
75, 5, 0


10, 12, 2
208, 7, 1
21, 6, 0
97, 3, 0
33, 1, 1
56, 10, 1
6, 3, 2
1, 2, 0
41, 3, 1
68, 12, 2
88, 11, 2
58, 5, 1
102, 8, 0
18, 16, 1
98, 1, 2
33, 6, 0
16, 7, 0
61, 10, 0
15, 9, 1
6, 2, 2
45, 2, 1
101, 5, 2
23, 1, 1
54, 6, 0
85, 3, 2
26, 9, 0
63, 5, 1
0, 10, 1
18, 5, 1
16, 0, 2
50, 4, 1
38, 0, 0
104, 12, 2
27, 3, 0
40, 9, 2
48, 9, 2
74, 8, 1
42, 3, 1
143, 12, 2
81, 6, 0
36, 7, 1
86, 3, 1
15, 2, 2
24, 11, 1
103, 6, 1
61, 1, 0
59, 6, 1
10, 4, 0
93, 6, 1
29, 6, 1


113, 19, 2
59, 5, 2
33, 2, 1
96, 9, 1
56, 9, 2
83, 10, 0
6, 4, 1
8, 5, 2
87, 8, 2
88, 5, 0
5, 14, 1
41, 4, 0
149, 11, 1
10, 6, 1
93, 15, 1
6, 13, 1
53, 1, 0
67, 10, 1
40, 8, 2
184, 1, 1
16, 11, 0
22, 4, 2
64, 6, 1
200, 15, 1
58, 7, 2
55, 13, 1
51, 3, 0
3, 1, 1
75, 8, 2
59, 11, 2
206, 0, 1
11, 4, 1
73, 0, 1
38, 2, 2
14, 2, 0
78, 5, 0
68, 7, 1
10, 16, 0
47, 3, 0
78, 9, 1
44, 15, 2
46, 2, 2
18, 1, 1
98, 2, 1
33, 16, 0
80, 8, 1
28, 6, 1
44, 5, 2
27, 9, 0
50, 5, 2


23, 19, 2
208, 7, 1
12, 0, 0
97, 3, 0
45, 0, 1
1, 7, 2
47, 0, 0
50, 6, 0
53, 2, 1
122, 0, 2
16, 6, 1
52, 8, 2
21, 4, 1
98, 15, 1
27, 4, 1
44, 3, 0
59, 5, 1
47, 4, 1
15, 9, 1
6, 2, 2
61, 14, 0
42, 13, 1
190, 0, 1
39, 7, 2
140, 16, 0
77, 5, 0
183, 12, 1
127, 19, 0
97, 4, 1
8, 9, 0
62, 17, 1
57, 2, 1
73, 10, 1
41, 12, 0
182, 6, 2
62, 2, 2
1, 6, 1
23, 5, 2
93, 13, 2
90, 5, 2
24, 7, 1
8, 15, 0
25, 16, 0
103, 0, 0
47, 16, 2
25, 15, 0
197, 3, 1
18, 8, 0
88, 2, 0
24, 8, 1


43, 1, 2
65, 3, 2
139, 17, 2
8, 7, 1
94, 2, 2
24, 5, 1
35, 0, 0
56, 4, 2
20, 10, 1
12, 4, 1
26, 7, 2
27, 7, 1
7, 14, 0
36, 9, 1
26, 11, 1
4, 15, 2
40, 5, 2
206, 6, 2
39, 19, 0
89, 9, 2
54, 14, 2
64, 1, 0
55, 0, 0
31, 0, 0
69, 3, 0
33, 9, 2
97, 2, 1
99, 1, 1
112, 8, 2
38, 12, 1
50, 7, 2
145, 8, 1
13, 12, 2
33, 4, 1
18, 6, 2
47, 6, 2
68, 7, 2
7, 4, 2
156, 2, 1
76, 4, 1
91, 12, 1
53, 3, 1
40, 1, 2
2, 2, 0
130, 17, 2
87, 4, 0
197, 3, 1
8, 12, 2
68, 12, 2
195, 10, 2


9, 10, 2
81, 3, 2
25, 2, 1
59, 5, 1
18, 16, 0
207, 13, 0
12, 5, 2
32, 2, 2
33, 6, 0
26, 19, 0
159, 12, 2
21, 6, 1
53, 9, 2
7, 8, 1
55, 13, 1
16, 11, 0
23, 6, 1
6, 4, 2
64, 13, 2
166, 15, 2
41, 13, 1
41, 8, 2
57, 3, 1
128, 13, 1
43, 2, 0
36, 5, 2
42, 3, 2
171, 12, 0
147, 9, 0
84, 13, 1
9, 4, 0
20, 5, 1
48, 3, 0
44, 7, 1
98, 0, 1
101, 5, 0
15, 4, 1
107, 13, 1
66, 4, 0
50, 7, 1
48, 10, 0
90, 2, 1
63, 19, 2
99, 11, 2
80, 2, 1
13, 15, 2
5, 2, 2
47, 18, 1
67, 3, 0
65, 14, 1


59, 6, 0
36, 16, 1
139, 17, 2
89, 6, 1
34, 7, 1
12, 5, 2
131, 3, 2
19, 4, 2
208, 16, 0
80, 13, 0
0, 5, 0
33, 6, 1
83, 8, 1
66, 7, 2
90, 4, 0
97, 1, 1
45, 7, 1
56, 7, 0
95, 13, 2
17, 2, 1
14, 16, 1
2, 8, 2
21, 2, 1
21, 4, 1
27, 4, 1
175, 17, 1
6, 14, 2
55, 2, 1
66, 3, 1
37, 4, 0
103, 1, 2
34, 9, 2
7, 9, 2
34, 10, 2
60, 13, 2
42, 9, 0
53, 10, 0
81, 1, 1
116, 0, 1
21, 9, 2
24, 17, 0
50, 1, 0
75, 8, 2
94, 1, 0
181, 5, 0
31, 3, 1
173, 6, 1
6, 2, 2
46, 11, 2
44, 10, 1


57, 6, 1
198, 19, 1
32, 6, 1
171, 16, 2
11, 4, 1
29, 3, 0
97, 13, 2
51, 7, 0
55, 7, 0
12, 4, 1
26, 7, 2
78, 3, 1
91, 16, 2
36, 9, 1
65, 1, 1
55, 14, 1
173, 4, 2
206, 6, 2
19, 1, 0
43, 2, 1
4, 6, 2
102, 18, 1
92, 1, 2
3, 2, 1
102, 9, 0
188, 8, 0
158, 18, 2
93, 2, 2
19, 3, 1
19, 8, 0
52, 19, 1
108, 4, 0
30, 6, 2
89, 7, 1
182, 6, 2
60, 6, 2
1, 6, 1
23, 5, 2
93, 13, 2
34, 16, 0
98, 4, 2
21, 10, 1
208, 16, 2
81, 12, 2
78, 4, 1
68, 0, 1
15, 1, 1
30, 12, 0
25, 15, 2
50, 3, 2


84, 14, 1
176, 8, 2
2, 1, 0
198, 6, 1
11, 11, 1
85, 4, 1
208, 5, 1
14, 2, 1
5, 3, 0
0, 17, 0
154, 3, 1
25, 4, 1
29, 12, 0
30, 1, 2
2, 4, 1
43, 8, 1
133, 1, 2
102, 2, 2
49, 3, 1
18, 12, 2
50, 10, 1
79, 10, 1
64, 3, 2
34, 0, 2
130, 7, 1
70, 7, 1
94, 0, 1
107, 2, 0
1, 18, 1
82, 14, 0
17, 1, 1
101, 0, 2
190, 16, 2
10, 5, 2
46, 3, 2
82, 4, 2
19, 3, 0
91, 5, 1
0, 3, 0
53, 3, 1
66, 15, 2
98, 8, 0
40, 2, 2
9, 0, 1
32, 5, 2
154, 1, 2
208, 9, 2
163, 3, 2
181, 9, 0
63, 1, 2


34, 18, 0
61, 2, 0
74, 5, 0
78, 9, 0
6, 8, 2
40, 6, 2
6, 10, 0
27, 6, 2
32, 1, 0
77, 17, 0
72, 0, 1
13, 19, 2
45, 5, 0
62, 8, 2
46, 16, 0
21, 7, 0
208, 5, 0
36, 8, 0
74, 3, 0
43, 0, 1
19, 3, 1
51, 8, 1
56, 1, 2
3, 4, 2
15, 4, 1
93, 11, 2
36, 3, 0
95, 6, 0
9, 8, 2
84, 13, 1
4, 5, 2
89, 11, 1
48, 3, 0
20, 7, 0
98, 0, 1
101, 5, 0
11, 2, 2
107, 13, 1
43, 3, 1
50, 7, 1
48, 10, 0
90, 2, 1
63, 19, 2
60, 5, 2
80, 2, 1
13, 15, 2
5, 2, 2
47, 18, 1
26, 3, 2
5, 12, 2


14, 9, 2
56, 14, 1
14, 0, 0
50, 7, 1
42, 16, 2
87, 0, 2
208, 10, 1
104, 3, 2
3, 10, 1
52, 8, 1
7, 14, 0
76, 9, 1
57, 17, 2
18, 3, 2
153, 15, 2
3, 3, 0
37, 3, 0
0, 14, 1
69, 4, 2
55, 1, 1
86, 13, 2
7, 12, 2
95, 0, 0
55, 2, 2
8, 0, 1
96, 8, 2
9, 5, 1
1, 7, 1
49, 2, 1
26, 1, 1
1, 2, 1
47, 6, 1
74, 4, 0
13, 7, 1
99, 18, 2
38, 8, 2
4, 10, 2
92, 3, 2
143, 12, 2
48, 15, 2
19, 5, 0
43, 9, 0
128, 16, 1
96, 1, 0
115, 6, 2
50, 17, 2
10, 9, 0
17, 8, 1
60, 9, 2
31, 9, 0


24, 8, 2
51, 17, 2
207, 12, 0
5, 15, 1
26, 16, 0
41, 0, 2
125, 19, 2
103, 7, 1
27, 6, 2
80, 15, 0
36, 0, 1
191, 5, 2
19, 3, 1
3, 9, 0
39, 0, 2
75, 12, 2
50, 3, 0
59, 3, 2
40, 2, 1
33, 3, 0
33, 10, 0
64, 11, 1
63, 2, 2
46, 6, 2
28, 19, 0
11, 6, 0
96, 2, 1
93, 2, 2
61, 6, 0
16, 8, 0
79, 4, 0
145, 8, 1
40, 10, 1
56, 2, 0
40, 8, 2
47, 6, 2
68, 7, 2
44, 16, 1
156, 2, 1
107, 7, 1
91, 12, 1
85, 5, 2
63, 1, 0
2, 2, 0
64, 4, 2
87, 4, 0
197, 3, 1
8, 12, 2
28, 9, 0
195, 10, 2


34, 15, 0
68, 4, 0
25, 7, 1
35, 2, 0
12, 15, 0
14, 7, 1
6, 1, 2
16, 2, 0
73, 13, 0
21, 15, 2
46, 8, 2
4, 11, 1
29, 4, 2
24, 10, 1
32, 7, 0
33, 9, 1
151, 16, 1
65, 9, 0
67, 0, 2
4, 4, 1
84, 6, 0
0, 10, 1
12, 6, 2
55, 3, 2
76, 11, 1
28, 3, 0
40, 4, 2
11, 9, 0
16, 5, 1
81, 6, 0
78, 7, 0
28, 19, 2
41, 6, 0
31, 11, 1
7, 3, 2
19, 6, 0
204, 11, 1
208, 5, 0
61, 7, 0
193, 0, 0
95, 3, 0
100, 6, 2
15, 4, 2
43, 13, 0
1, 6, 1
46, 1, 2
87, 16, 0
134, 12, 1
92, 15, 2
118, 14, 0


10, 12, 2
55, 9, 1
21, 6, 0
97, 3, 0
33, 1, 1
56, 10, 1
6, 3, 2
1, 2, 0
28, 0, 0
68, 5, 1
24, 17, 2
58, 5, 1
102, 8, 0
18, 16, 1
3, 7, 1
33, 6, 0
16, 7, 0
61, 10, 0
39, 19, 0
51, 3, 0
54, 14, 2
102, 18, 1
67, 0, 2
40, 0, 0
6, 0, 2
33, 9, 2
97, 2, 1
100, 0, 2
67, 8, 1
10, 15, 2
50, 7, 2
11, 2, 0
64, 2, 2
42, 8, 1
18, 6, 2
45, 5, 1
32, 7, 0
7, 6, 0
88, 1, 2
42, 2, 0
68, 17, 0
83, 6, 0
45, 7, 1
33, 4, 1
102, 4, 1
96, 3, 2
208, 9, 2
37, 7, 1
74, 12, 1
99, 8, 0


36, 9, 1
100, 12, 2
10, 2, 0
46, 15, 0
42, 14, 2
22, 1, 2
138, 0, 1
45, 6, 2
26, 10, 1
21, 7, 0
27, 12, 2
79, 4, 2
40, 5, 2
44, 11, 0
52, 0, 1
49, 1, 2
54, 1, 2
39, 3, 1
173, 15, 2
159, 8, 1
15, 2, 1
91, 6, 1
25, 0, 1
25, 19, 0
58, 5, 1
5, 4, 0
66, 6, 0
69, 4, 0
17, 2, 2
44, 4, 0
184, 1, 1
8, 5, 1
40, 0, 2
31, 7, 2
197, 15, 2
25, 5, 2
39, 8, 1
208, 5, 0
105, 2, 2
52, 11, 2
18, 7, 1
65, 2, 0
37, 15, 0
28, 10, 2
58, 3, 0
19, 1, 1
64, 1, 2
75, 11, 2
77, 3, 1
49, 7, 0


29, 16, 1
33, 10, 2
131, 13, 1
25, 3, 2
65, 3, 2
14, 9, 2
76, 14, 0
13, 3, 0
20, 9, 1
54, 5, 1
50, 12, 0
55, 16, 1
91, 16, 2
40, 9, 1
83, 3, 2
28, 19, 0
45, 7, 0
206, 6, 2
24, 1, 1
29, 1, 2
86, 8, 0
24, 16, 0
102, 1, 1
54, 6, 1
13, 0, 1
81, 6, 2
37, 4, 2
32, 6, 0
9, 3, 2
24, 9, 1
51, 1, 1
102, 5, 0
45, 5, 0
13, 7, 0
17, 18, 2
50, 7, 0
4, 4, 0
7, 6, 0
68, 3, 1
58, 15, 2
143, 15, 1
102, 8, 0
43, 3, 2
98, 4, 0
27, 2, 0
64, 4, 2
4, 0, 2
22, 10, 2
76, 8, 2
42, 6, 0


12, 17, 2
8, 5, 0
69, 8, 1
99, 3, 2
46, 12, 2
207, 13, 0
64, 12, 2
100, 5, 0
73, 11, 2
26, 19, 0
159, 12, 2
37, 5, 1
15, 3, 0
40, 10, 0
59, 14, 2
15, 2, 2
76, 4, 2
69, 6, 0
141, 15, 1
24, 13, 1
64, 7, 2
116, 8, 1
22, 19, 0
46, 19, 2
117, 18, 0
64, 9, 2
67, 4, 1
91, 4, 0
153, 16, 2
36, 10, 0
46, 3, 1
58, 2, 2
60, 11, 1
61, 8, 0
125, 12, 0
81, 3, 1
51, 11, 2
12, 7, 0
25, 7, 0
10, 5, 1
49, 5, 1
60, 1, 0
20, 8, 0
57, 8, 2
58, 4, 0
3, 7, 1
22, 1, 2
52, 1, 2
84, 5, 2
31, 5, 0


47, 19, 0
208, 7, 1
58, 5, 1
97, 3, 0
65, 4, 1
33, 9, 2
30, 1, 0
45, 6, 2
16, 3, 0
53, 5, 0
175, 5, 2
67, 10, 2
6, 8, 1
45, 3, 2
89, 14, 0
6, 10, 2
14, 9, 0
146, 9, 1
116, 12, 2
47, 17, 1
45, 13, 1
40, 8, 0
2, 7, 2
37, 1, 2
50, 1, 1
15, 5, 0
20, 3, 2
45, 0, 2
95, 1, 1
20, 5, 0
1, 2, 1
14, 1, 2
95, 8, 0
6, 2, 2
83, 12, 0
66, 6, 2
34, 3, 0
51, 13, 0
69, 1, 2
8, 8, 2
33, 0, 2
71, 3, 1
0, 9, 0
92, 5, 2
68, 12, 1
9, 0, 2
49, 3, 0
28, 3, 0
57, 4, 2
62, 3, 0


56, 10, 2
32, 4, 1
68, 2, 2
65, 6, 1
23, 5, 1
71, 5, 0
41, 3, 1
44, 12, 2
49, 12, 0
42, 8, 2
47, 0, 0
30, 3, 0
155, 1, 1
143, 14, 1
6, 9, 2
2, 14, 2
75, 2, 0
102, 9, 2
84, 0, 2
7, 4, 1
15, 6, 1
187, 13, 1
80, 3, 1
107, 6, 1
25, 0, 1
61, 16, 2
69, 2, 2
35, 16, 2
26, 4, 0
58, 7, 0
109, 4, 2
6, 16, 0
20, 2, 1
80, 15, 1
72, 7, 1
207, 17, 2
133, 18, 2
77, 6, 1
24, 2, 0
64, 10, 0
33, 11, 2
27, 4, 1
61, 4, 1
49, 3, 0
65, 3, 0
5, 3, 0
55, 0, 1
40, 0, 2
87, 10, 0
46, 8, 0


72, 13, 1
52, 18, 2
207, 12, 0
11, 6, 0
5, 13, 1
80, 7, 0
28, 13, 1
103, 7, 1
180, 12, 0
86, 10, 2
193, 6, 0
57, 13, 2
12, 0, 0
43, 7, 1
45, 8, 0
24, 13, 1
25, 14, 1
7, 0, 2
47, 2, 1
21, 15, 1
190, 15, 2
102, 18, 1
57, 2, 0
135, 9, 1
13, 17, 1
188, 8, 0
158, 18, 2
93, 2, 2
57, 9, 2
33, 9, 0
52, 19, 1
108, 4, 0
138, 12, 2
119, 3, 0
33, 0, 0
52, 5, 1
98, 2, 2
115, 5, 1
144, 17, 0
94, 10, 0
11, 15, 2
35, 13, 1
61, 4, 1
26, 1, 1
50, 10, 0
20, 3, 2
42, 1, 0
84, 3, 2
38, 19, 2
2, 10, 0


68, 7, 2
7, 9, 0
58, 6, 1
14, 2, 1
7, 5, 2
39, 5, 1
38, 11, 0
208, 3, 1
11, 0, 1
39, 14, 0
105, 19, 2
203, 17, 2
127, 8, 0
154, 4, 1
80, 12, 0
100, 15, 2
1, 8, 1
100, 6, 0
43, 8, 0
21, 3, 1
68, 11, 2
46, 13, 2
13, 1, 2
17, 3, 1
51, 2, 0
36, 5, 0
11, 3, 2
73, 2, 0
133, 10, 1
41, 9, 0
46, 9, 0
51, 5, 1
74, 4, 0
26, 9, 2
60, 17, 2
108, 6, 1
53, 16, 0
48, 11, 0
20, 11, 1
40, 4, 2
63, 6, 0
29, 0, 1
15, 13, 2
53, 14, 1
27, 15, 0
42, 1, 2
87, 12, 1
47, 4, 2
19, 8, 2
90, 4, 1


67, 18, 1
43, 16, 0
41, 5, 2
171, 16, 2
208, 3, 2
36, 2, 2
97, 13, 2
56, 4, 2
55, 7, 0
61, 9, 0
26, 7, 2
191, 5, 2
91, 16, 2
36, 9, 1
4, 2, 2
28, 19, 0
173, 4, 2
206, 6, 2
39, 19, 0
89, 9, 2
43, 13, 0
102, 18, 1
34, 2, 1
135, 9, 1
6, 1, 1
49, 10, 2
31, 12, 2
93, 2, 2
40, 7, 2
20, 16, 1
20, 2, 0
35, 6, 1
43, 1, 1
53, 0, 0
99, 3, 1
69, 3, 0
55, 1, 0
61, 12, 1
91, 18, 0
77, 18, 2
12, 7, 0
48, 4, 1
22, 8, 1
86, 11, 0
28, 3, 0
2, 9, 1
53, 3, 2
5, 2, 2
45, 11, 2
59, 15, 2


3, 16, 1
208, 7, 1
58, 5, 1
97, 3, 0
22, 1, 0
19, 11, 1
87, 8, 0
45, 6, 2
16, 3, 0
53, 5, 0
34, 5, 2
25, 16, 1
55, 8, 1
29, 12, 0
86, 2, 1
70, 3, 2
163, 1, 2
38, 5, 1
0, 1, 2
37, 0, 1
34, 6, 0
204, 11, 0
33, 17, 0
57, 16, 1
72, 4, 2
5, 4, 0
66, 6, 0
73, 2, 1
28, 3, 0
23, 1, 2
64, 3, 2
95, 7, 1
42, 0, 2
5, 6, 0
44, 4, 1
25, 5, 2
12, 4, 1
86, 11, 2
29, 1, 2
80, 1, 0
62, 1, 0
15, 2, 2
98, 13, 0
47, 9, 0
94, 2, 0
68, 5, 0
96, 1, 0
92, 8, 2
72, 3, 2
59, 6, 1


81, 1, 2
55, 4, 1
64, 0, 0
85, 7, 0
31, 12, 1
61, 7, 1
208, 10, 1
34, 3, 1
43, 11, 2
58, 5, 0
155, 19, 1
37, 6, 1
30, 3, 2
49, 9, 1
14, 9, 0
73, 4, 1
80, 2, 2
22, 4, 2
20, 9, 1
50, 2, 2
40, 6, 1
44, 3, 0
115, 11, 2
62, 1, 0
48, 2, 0
10, 3, 0
14, 6, 0
54, 7, 1
201, 14, 0
20, 16, 1
4, 1, 1
14, 3, 0
11, 0, 1
62, 2, 2
5, 8, 2
26, 2, 0
83, 9, 1
25, 4, 1
17, 1, 0
26, 9, 1
75, 9, 1
93, 6, 0
22, 5, 0
73, 2, 1
50, 4, 2
101, 4, 0
42, 0, 0
36, 11, 1
64, 11, 0
103, 12, 2


43, 1, 2
66, 4, 2
139, 17, 2
55, 3, 2
208, 3, 2
58, 4, 0
38, 2, 2
22, 4, 2
50, 0, 0
38, 4, 0
50, 12, 0
42, 5, 2
91, 16, 2
21, 5, 0
99, 4, 0
28, 19, 0
8, 2, 2
206, 6, 2
134, 3, 1
81, 1, 2
42, 8, 2
18, 14, 1
159, 18, 2
82, 14, 2
169, 1, 1
67, 12, 1
104, 6, 1
170, 7, 2
85, 12, 1
25, 4, 0
77, 0, 2
206, 18, 2
8, 1, 2
26, 5, 2
28, 8, 0
5, 15, 1
95, 4, 1
103, 8, 2
156, 2, 1
5, 12, 2
90, 15, 1
94, 13, 1
54, 17, 0
82, 3, 1
37, 5, 0
34, 1, 0
42, 0, 0
8, 12, 2
71, 10, 2
95, 5, 2


47, 0, 0
4, 5, 2
61, 16, 1
34, 12, 1
34, 7, 1
6, 1, 0
32, 9, 1
48, 2, 1
56, 5, 0
19, 5, 1
55, 17, 1
90, 4, 1
159, 18, 1
19, 3, 2
45, 14, 0
198, 11, 0
75, 2, 0
26, 12, 2
84, 0, 2
22, 1, 0
79, 3, 0
187, 13, 1
80, 3, 1
107, 6, 1
25, 0, 1
17, 19, 1
8, 11, 1
23, 19, 0
26, 4, 0
58, 7, 0
109, 4, 2
102, 11, 2
63, 5, 1
80, 15, 1
72, 7, 1
207, 17, 2
133, 18, 2
77, 6, 1
3, 1, 2
64, 10, 0
33, 11, 2
27, 4, 1
12, 0, 2
9, 6, 2
60, 15, 0
31, 6, 0
89, 4, 1
35, 6, 2
64, 8, 1
7, 5, 1


58, 9, 1
62, 19, 2
64, 3, 0
5, 15, 1
39, 3, 0
80, 7, 0
21, 10, 1
30, 5, 0
180, 12, 0
30, 12, 1
193, 6, 0
57, 13, 2
69, 1, 0
43, 7, 1
98, 12, 2
17, 10, 2
25, 14, 1
7, 0, 2
55, 0, 2
74, 15, 1
190, 15, 2
86, 9, 2
60, 0, 2
128, 13, 1
29, 3, 1
7, 5, 0
41, 6, 2
50, 7, 0
74, 9, 2
85, 3, 2
206, 0, 1
14, 11, 1
53, 9, 2
18, 6, 2
5, 8, 2
3, 2, 1
83, 9, 1
25, 4, 1
33, 7, 2
26, 9, 1
16, 3, 2
106, 4, 0
51, 0, 2
0, 1, 0
11, 0, 0
34, 1, 0
42, 0, 0
8, 12, 2
71, 10, 2
17, 0, 2


106, 4, 0
49, 2, 1
139, 17, 2
171, 16, 2
14, 4, 2
23, 7, 1
35, 0, 0
56, 4, 2
55, 7, 0
43, 9, 1
26, 7, 2
191, 5, 2
7, 14, 0
36, 9, 1
19, 6, 1
65, 15, 1
173, 4, 2
30, 1, 2
39, 19, 0
19, 0, 0
54, 14, 2
102, 18, 1
67, 0, 2
21, 2, 0
32, 6, 2
33, 9, 2
97, 2, 1
99, 1, 1
42, 6, 1
38, 12, 1
50, 7, 2
145, 8, 1
23, 12, 0
51, 6, 2
18, 6, 2
58, 7, 0
66, 9, 1
7, 6, 0
10, 1, 0
82, 6, 1
60, 11, 2
83, 6, 0
166, 13, 1
33, 4, 1
44, 2, 2
154, 1, 2
208, 9, 2
163, 3, 2
52, 4, 2
99, 8, 0


51, 15, 1
25, 16, 2
61, 16, 1
34, 12, 1
31, 0, 0
18, 4, 2
18, 14, 0
15, 5, 2
69, 1, 0
16, 5, 2
55, 17, 1
90, 4, 1
84, 8, 1
19, 3, 2
45, 14, 0
198, 11, 0
75, 2, 0
102, 9, 2
68, 0, 1
7, 4, 1
79, 3, 0
187, 13, 1
25, 3, 1
29, 8, 0
25, 0, 1
17, 19, 1
46, 0, 2
67, 13, 0
26, 4, 0
39, 12, 2
109, 4, 2
66, 14, 0
63, 5, 1
80, 15, 1
72, 7, 1
207, 17, 2
87, 15, 1
19, 11, 0
41, 2, 2
88, 9, 1
22, 12, 2
61, 6, 2
89, 5, 0
81, 0, 0
55, 5, 1
9, 3, 1
36, 7, 0
32, 0, 1
34, 8, 0
66, 4, 1


53, 9, 1
51, 17, 2
207, 12, 0
5, 15, 1
5, 13, 1
80, 7, 0
125, 19, 2
103, 7, 1
27, 6, 2
80, 15, 0
50, 12, 0
191, 5, 2
53, 0, 1
5, 3, 1
39, 0, 2
60, 17, 1
50, 3, 0
74, 4, 1
51, 5, 2
27, 2, 1
15, 14, 0
23, 6, 1
31, 1, 0
21, 3, 2
80, 4, 1
2, 7, 1
8, 0, 1
89, 3, 2
1, 3, 2
76, 0, 2
208, 19, 0
103, 11, 1
92, 5, 2
28, 18, 2
47, 6, 0
39, 14, 0
66, 4, 1
23, 17, 0
10, 11, 1
14, 12, 2
19, 5, 0
43, 9, 0
128, 16, 1
35, 9, 1
66, 8, 0
71, 2, 2
58, 1, 1
17, 8, 1
60, 9, 2
83, 5, 1


38, 9, 1
63, 3, 2
207, 12, 0
49, 14, 2
1, 2, 2
20, 0, 2
55, 4, 1
103, 7, 1
69, 2, 1
117, 18, 0
56, 14, 0
7, 4, 0
10, 3, 1
97, 9, 1
104, 0, 1
46, 10, 2
85, 10, 2
92, 11, 2
157, 11, 1
64, 7, 2
30, 17, 1
13, 12, 0
34, 2, 2
73, 9, 1
30, 6, 2
26, 9, 0
9, 0, 2
102, 2, 1
18, 5, 1
16, 0, 2
2, 5, 1
37, 5, 1
53, 14, 0
57, 4, 1
21, 5, 0
94, 3, 1
74, 8, 1
42, 3, 1
143, 12, 2
81, 6, 0
20, 5, 1
86, 3, 1
1, 8, 0
14, 8, 0
69, 1, 2
39, 8, 1
95, 5, 2
4, 7, 1
12, 3, 0
104, 5, 1


7, 11, 2
23, 7, 0
3, 5, 0
171, 16, 2
29, 3, 0
36, 2, 2
23, 12, 0
0, 1, 0
25, 0, 1
74, 18, 0
19, 13, 0
49, 3, 0
45, 19, 1
17, 10, 0
48, 8, 1
62, 4, 1
79, 4, 2
206, 6, 2
173, 15, 2
99, 2, 0
69, 3, 0
91, 6, 1
41, 1, 0
25, 19, 0
42, 4, 0
100, 4, 0
4, 4, 1
25, 3, 0
29, 1, 1
92, 2, 1
81, 8, 0
48, 12, 0
28, 7, 2
31, 7, 2
37, 15, 1
197, 14, 0
86, 9, 1
34, 6, 0
57, 0, 1
5, 11, 0
55, 10, 2
65, 9, 0
99, 8, 1
74, 6, 2
68, 1, 0
94, 5, 1
87, 16, 0
19, 6, 1
60, 6, 2
6, 19, 0


0, 6, 1
34, 11, 1
73, 4, 0
25, 4, 0
21, 2, 0
24, 7, 2
35, 3, 1
55, 3, 2
60, 7, 1
62, 8, 2
15, 0, 0
49, 3, 0
59, 4, 1
75, 9, 1
104, 6, 2
4, 15, 2
49, 11, 2
206, 6, 2
40, 13, 0
57, 10, 2
36, 5, 0
63, 18, 1
12, 3, 1
49, 2, 0
35, 2, 0
12, 6, 2
47, 5, 2
13, 0, 2
6, 10, 0
54, 8, 0
11, 15, 2
20, 5, 0
11, 3, 2
27, 0, 0
135, 16, 0
99, 2, 0
51, 8, 1
80, 6, 0
143, 12, 2
81, 6, 0
90, 5, 1
39, 4, 0
57, 5, 2
95, 12, 0
57, 0, 2
85, 2, 0
95, 5, 2
44, 8, 0
23, 9, 1
67, 1, 2


14, 5, 0
56, 14, 1
50, 0, 0
50, 7, 1
42, 16, 2
87, 0, 2
208, 10, 1
25, 0, 0
3, 10, 1
52, 8, 1
7, 14, 0
76, 9, 1
57, 17, 2
72, 4, 2
38, 1, 1
2, 1, 2
49, 6, 1
43, 17, 0
18, 0, 2
187, 2, 1
67, 5, 0
38, 14, 1
28, 3, 2
41, 5, 1
3, 7, 0
30, 13, 0
120, 14, 1
52, 4, 0
32, 3, 2
72, 12, 0
104, 7, 1
108, 6, 1
97, 3, 2
39, 0, 2
81, 0, 1
14, 2, 2
57, 13, 2
203, 8, 1
62, 2, 2
37, 4, 0
55, 3, 2
48, 4, 2
18, 2, 1
63, 8, 0
16, 12, 2
201, 8, 1
3, 2, 2
11, 3, 0
37, 14, 0
70, 5, 2


51, 15, 1
36, 16, 1
61, 16, 1
34, 12, 1
34, 7, 1
6, 1, 0
18, 14, 0
48, 2, 1
69, 1, 0
16, 5, 2
55, 17, 1
90, 4, 1
159, 18, 1
19, 3, 2
45, 14, 0
198, 11, 0
75, 2, 0
102, 9, 2
84, 0, 2
7, 4, 1
79, 3, 0
187, 13, 1
80, 3, 1
107, 6, 1
25, 0, 1
17, 19, 1
8, 11, 1
23, 19, 0
26, 4, 0
58, 7, 0
109, 4, 2
102, 11, 2
63, 5, 1
80, 15, 1
72, 7, 1
207, 17, 2
133, 18, 2
77, 6, 1
3, 1, 2
64, 10, 0
33, 11, 2
27, 4, 1
61, 4, 1
26, 1, 1
24, 12, 2
5, 3, 0
55, 0, 1
40, 0, 2
87, 10, 0
2, 9, 2


96, 11, 1
135, 14, 0
69, 1, 0
151, 8, 1
63, 14, 2
127, 4, 0
131, 3, 2
77, 4, 2
208, 16, 0
25, 11, 1
41, 4, 1
7, 14, 1
11, 1, 0
54, 13, 1
44, 16, 0
59, 6, 2
12, 10, 0
122, 6, 1
95, 13, 2
26, 1, 1
32, 10, 2
38, 16, 0
6, 15, 0
53, 5, 1
29, 3, 0
36, 9, 1
16, 8, 2
3, 3, 0
48, 7, 1
44, 4, 0
59, 3, 1
43, 5, 2
85, 8, 1
50, 3, 1
65, 12, 0
31, 11, 1
76, 6, 1
51, 10, 0
40, 18, 1
10, 4, 0
40, 11, 0
86, 3, 2
83, 8, 2
81, 0, 0
43, 8, 0
17, 9, 1
36, 7, 0
32, 0, 1
61, 5, 0
27, 5, 2


72, 13, 1
55, 5, 0
207, 12, 0
90, 9, 0
33, 2, 1
19, 14, 2
38, 11, 0
208, 3, 1
202, 4, 0
35, 14, 2
29, 0, 1
203, 17, 2
127, 8, 0
154, 4, 1
49, 13, 2
100, 15, 2
30, 3, 1
59, 4, 1
107, 9, 1
61, 11, 2
42, 6, 1
73, 6, 1
81, 19, 0
22, 0, 2
63, 5, 1
15, 18, 1
28, 5, 0
28, 18, 0
188, 3, 2
50, 8, 0
66, 4, 1
27, 5, 1
94, 19, 0
179, 11, 2
25, 8, 2
197, 14, 0
9, 3, 2
34, 6, 0
43, 1, 0
7, 8, 2
55, 10, 2
25, 14, 1
200, 7, 1
26, 8, 2
42, 10, 0
81, 2, 2
4, 8, 2
72, 4, 0
52, 6, 0
18, 4, 0


0, 16, 1
91, 16, 1
84, 4, 1
66, 4, 2
104, 19, 1
28, 12, 1
58, 11, 0
65, 3, 2
32, 1, 0
96, 16, 0
18, 13, 2
129, 18, 0
23, 2, 0
10, 14, 0
33, 14, 1
39, 3, 0
208, 5, 0
146, 9, 1
116, 12, 2
47, 17, 1
66, 12, 0
82, 8, 1
32, 8, 1
22, 1, 0
50, 1, 1
60, 6, 2
42, 5, 0
99, 1, 2
0, 5, 2
197, 4, 2
67, 4, 0
51, 0, 2
54, 2, 1
1, 4, 1
8, 7, 2
69, 11, 1
103, 9, 1
21, 12, 1
105, 3, 2
11, 0, 0
48, 3, 0
37, 6, 0
104, 0, 1
30, 5, 2
96, 5, 1
33, 9, 1
88, 2, 1
4, 1, 1
140, 1, 0
77, 3, 2


34, 15, 0
68, 4, 0
25, 7, 1
35, 2, 0
12, 15, 0
14, 7, 1
6, 1, 2
16, 2, 0
53, 13, 1
21, 15, 2
15, 12, 2
3, 0, 2
29, 4, 2
24, 10, 1
6, 5, 2
69, 0, 2
54, 1, 2
93, 4, 1
173, 15, 2
17, 1, 1
15, 2, 1
91, 6, 1
25, 0, 1
25, 19, 0
29, 0, 1
5, 4, 0
66, 6, 0
69, 4, 0
25, 4, 0
44, 4, 0
45, 4, 0
8, 5, 1
77, 0, 1
31, 7, 2
60, 13, 2
65, 4, 1
51, 15, 0
208, 5, 0
105, 2, 2
52, 11, 2
18, 7, 1
89, 6, 1
37, 15, 0
10, 15, 1
23, 2, 2
19, 1, 1
64, 1, 2
75, 11, 2
77, 3, 1
49, 7, 0


37, 4, 2
198, 19, 1
139, 17, 2
171, 16, 2
11, 4, 1
36, 2, 2
97, 13, 2
56, 4, 2
55, 7, 0
12, 4, 1
26, 7, 2
191, 5, 2
91, 16, 2
36, 9, 1
198, 1, 1
22, 19, 2
173, 4, 2
206, 6, 2
39, 19, 0
89, 9, 2
4, 6, 2
102, 18, 1
34, 2, 1
135, 9, 1
13, 17, 1
188, 8, 0
158, 18, 2
93, 2, 2
88, 9, 0
130, 7, 2
52, 19, 1
108, 4, 0
138, 12, 2
119, 3, 0
55, 2, 1
68, 2, 0
98, 2, 2
115, 5, 1
144, 17, 0
74, 12, 2
81, 12, 1
149, 9, 1
61, 4, 1
26, 1, 1
50, 10, 0
5, 3, 0
62, 0, 1
84, 3, 2
38, 19, 2
2, 10, 0


57, 6, 1
42, 0, 0
32, 6, 1
5, 13, 2
40, 7, 0
33, 8, 2
3, 8, 2
30, 3, 2
68, 9, 0
48, 13, 1
26, 7, 2
78, 3, 1
91, 16, 2
36, 9, 1
198, 1, 1
60, 9, 1
53, 5, 0
206, 6, 2
5, 0, 2
2, 1, 1
84, 2, 1
64, 11, 1
63, 2, 2
46, 6, 2
113, 16, 1
11, 6, 0
58, 11, 2
6, 5, 1
61, 6, 0
175, 3, 2
141, 7, 0
19, 7, 2
158, 16, 2
9, 0, 2
30, 8, 2
66, 10, 2
107, 9, 1
41, 8, 1
43, 1, 2
105, 4, 2
50, 4, 1
38, 4, 0
25, 16, 0
63, 8, 0
91, 8, 1
25, 0, 2
12, 1, 0
16, 8, 2
27, 9, 0
22, 2, 1


34, 12, 2
29, 13, 1
32, 1, 0
161, 14, 0
47, 3, 0
137, 11, 2
208, 10, 1
30, 1, 1
158, 17, 1
99, 7, 0
71, 10, 1
56, 9, 0
76, 13, 0
101, 17, 2
15, 0, 2
52, 3, 1
19, 1, 2
91, 0, 2
50, 3, 0
27, 1, 0
89, 14, 2
160, 6, 0
8, 2, 2
48, 0, 0
4, 19, 1
13, 4, 2
63, 1, 0
62, 18, 0
15, 7, 0
47, 10, 1
47, 2, 0
91, 10, 0
38, 4, 1
24, 9, 0
57, 4, 2
40, 5, 1
45, 5, 1
89, 9, 1
186, 13, 2
19, 3, 1
168, 5, 1
108, 6, 2
59, 1, 0
24, 11, 1
35, 3, 1
104, 0, 1
173, 6, 1
95, 2, 2
93, 6, 1
44, 10, 1


57, 6, 1
198, 19, 1
32, 6, 1
171, 16, 2
11, 4, 1
29, 3, 0
97, 13, 2
51, 7, 0
55, 7, 0
12, 4, 1
26, 7, 2
78, 3, 1
91, 16, 2
15, 11, 1
34, 11, 0
37, 0, 2
173, 4, 2
43, 1, 2
19, 1, 0
43, 2, 1
4, 6, 2
102, 18, 1
82, 0, 2
3, 2, 1
102, 9, 0
188, 8, 0
48, 9, 0
103, 8, 0
19, 3, 1
81, 12, 2
184, 1, 1
8, 5, 1
40, 0, 2
67, 6, 0
197, 15, 2
68, 2, 1
39, 8, 1
208, 5, 0
105, 2, 2
41, 7, 2
80, 10, 0
84, 2, 0
37, 15, 0
28, 10, 2
58, 3, 0
90, 9, 2
64, 1, 2
75, 11, 2
56, 0, 0
77, 9, 0


5, 14, 1
83, 11, 0
139, 17, 2
74, 8, 0
34, 7, 1
6, 1, 0
18, 14, 0
44, 6, 1
69, 1, 0
100, 17, 0
37, 1, 1
81, 0, 2
8, 17, 2
53, 6, 1
27, 4, 2
160, 13, 0
90, 4, 1
66, 5, 2
12, 1, 1
28, 0, 0
74, 2, 1
93, 10, 1
159, 18, 2
82, 14, 2
169, 1, 1
36, 11, 2
104, 6, 1
4, 7, 2
85, 12, 1
67, 4, 0
17, 10, 2
206, 18, 2
6, 2, 1
8, 3, 1
59, 3, 2
5, 15, 1
95, 2, 0
14, 19, 0
23, 1, 0
10, 15, 1
91, 12, 1
94, 13, 1
25, 16, 0
30, 1, 0
37, 5, 0
47, 11, 1
42, 0, 0
56, 11, 0
71, 10, 2
65, 15, 2


23, 10, 2
20, 4, 1
208, 8, 2
188, 1, 1
58, 6, 0
38, 4, 1
11, 3, 2
24, 5, 1
21, 9, 2
95, 6, 0
28, 16, 2
62, 3, 0
91, 16, 2
36, 9, 1
198, 1, 1
24, 4, 2
33, 6, 0
206, 6, 2
20, 0, 2
36, 0, 1
4, 6, 2
31, 9, 0
63, 2, 2
80, 0, 1
13, 17, 1
64, 7, 1
158, 18, 2
93, 2, 2
15, 5, 2
3, 7, 0
63, 3, 2
82, 8, 0
70, 3, 2
39, 6, 1
55, 2, 1
106, 7, 0
85, 11, 0
58, 1, 1
64, 0, 1
45, 3, 1
98, 0, 0
67, 3, 2
11, 12, 2
47, 2, 0
38, 8, 1
28, 1, 0
10, 8, 2
69, 5, 1
104, 3, 2
65, 16, 1


36, 15, 1
23, 7, 0
0, 4, 0
171, 16, 2
208, 3, 2
36, 2, 2
52, 2, 0
0, 1, 0
33, 3, 2
46, 12, 0
8, 12, 0
46, 4, 1
45, 19, 1
17, 10, 0
49, 4, 2
83, 0, 0
58, 6, 0
65, 7, 2
0, 10, 1
89, 9, 2
32, 14, 2
102, 18, 1
34, 2, 1
13, 3, 2
59, 3, 1
33, 9, 2
97, 2, 1
65, 2, 0
112, 8, 2
73, 8, 0
57, 5, 0
62, 2, 1
175, 10, 0
2, 7, 2
72, 16, 2
14, 2, 1
45, 5, 1
9, 7, 0
186, 13, 2
5, 3, 2
168, 5, 1
108, 6, 2
17, 1, 1
24, 11, 1
35, 3, 1
23, 6, 0
173, 6, 1
95, 2, 2
93, 6, 1
58, 15, 2


64, 19, 1
208, 7, 1
191, 3, 2
10, 5, 2
15, 4, 0
182, 1, 2
181, 3, 0
156, 11, 2
154, 12, 2
122, 0, 2
33, 19, 2
29, 0, 0
27, 13, 0
109, 7, 1
192, 18, 0
45, 5, 0
29, 4, 0
12, 4, 1
193, 5, 1
16, 2, 2
4, 16, 0
42, 13, 1
44, 11, 2
29, 17, 2
90, 15, 2
89, 16, 2
5, 11, 1
63, 8, 1
114, 1, 0
175, 3, 2
141, 7, 0
88, 19, 2
77, 0, 1
31, 7, 2
72, 2, 0
65, 4, 1
51, 15, 0
79, 4, 1
105, 2, 2
52, 11, 2
18, 7, 1
89, 6, 1
37, 15, 0
10, 15, 1
23, 2, 2
19, 1, 1
64, 1, 2
75, 11, 2
65, 7, 1
3, 6, 1


101, 6, 1
82, 6, 2
53, 2, 1
91, 11, 2
62, 1, 0
36, 2, 2
97, 13, 2
56, 4, 2
14, 8, 2
43, 14, 0
28, 13, 0
191, 5, 2
91, 16, 2
36, 9, 1
16, 12, 1
52, 11, 0
9, 4, 1
90, 1, 2
26, 16, 1
47, 0, 0
47, 4, 1
7, 7, 1
63, 1, 1
0, 5, 1
162, 4, 2
44, 7, 2
66, 1, 0
105, 3, 1
31, 15, 0
15, 8, 1
20, 10, 0
97, 2, 1
11, 12, 0
25, 0, 2
99, 16, 0
98, 3, 1
34, 6, 1
86, 11, 2
29, 1, 2
80, 1, 0
84, 4, 1
20, 1, 1
98, 13, 0
47, 9, 0
205, 7, 0
14, 9, 1
86, 0, 1
40, 4, 0
72, 3, 2
69, 7, 1


53, 12, 1
43, 16, 0
47, 0, 0
42, 9, 1
29, 11, 0
18, 1, 0
4, 3, 0
3, 5, 1
101, 3, 2
55, 0, 2
83, 6, 0
9, 5, 1
40, 6, 1
60, 10, 2
70, 9, 0
28, 19, 0
173, 4, 2
206, 6, 2
12, 1, 0
38, 2, 1
92, 5, 0
14, 13, 0
104, 0, 0
63, 6, 1
28, 9, 2
4, 7, 0
11, 3, 2
27, 3, 2
95, 2, 1
25, 10, 2
23, 3, 2
11, 9, 0
32, 8, 2
59, 6, 2
45, 4, 1
54, 3, 2
86, 1, 0
34, 9, 2
208, 10, 1
15, 8, 1
85, 6, 2
78, 9, 2
200, 7, 1
18, 11, 1
24, 8, 0
79, 6, 0
68, 2, 2
69, 7, 2
28, 4, 0
21, 2, 2


43, 1, 2
66, 4, 2
2, 0, 1
171, 16, 2
208, 3, 2
24, 5, 1
35, 0, 0
8, 0, 1
55, 7, 0
85, 4, 2
26, 7, 2
19, 3, 1
7, 14, 0
32, 6, 2
19, 6, 1
49, 2, 1
173, 4, 2
13, 5, 2
26, 0, 2
85, 2, 2
39, 9, 1
88, 6, 1
63, 2, 2
57, 8, 1
13, 17, 1
65, 5, 0
158, 18, 2
93, 2, 2
38, 5, 0
59, 6, 2
42, 10, 0
108, 2, 2
70, 3, 2
39, 6, 1
20, 2, 0
68, 2, 0
86, 10, 1
56, 10, 0
55, 2, 2
76, 6, 0
104, 9, 0
66, 9, 0
5, 2, 2
28, 7, 2
28, 12, 2
5, 3, 0
48, 3, 2
31, 3, 0
38, 19, 2
104, 10, 1


34, 12, 2
29, 13, 1
32, 1, 0
161, 14, 0
46, 0, 1
137, 11, 2
208, 10, 1
43, 3, 2
158, 17, 1
99, 7, 0
3, 15, 2
59, 15, 1
76, 13, 0
65, 16, 1
15, 0, 2
52, 3, 1
19, 1, 2
28, 0, 2
50, 3, 0
27, 1, 0
89, 14, 2
160, 6, 0
8, 2, 2
48, 0, 0
4, 19, 1
13, 4, 2
34, 3, 0
62, 18, 0
66, 3, 1
162, 8, 1
4, 2, 2
87, 0, 2
24, 4, 0
11, 5, 0
34, 7, 1
192, 15, 0
51, 14, 2
77, 7, 2
124, 16, 2
61, 8, 1
51, 1, 2
94, 13, 1
58, 7, 1
21, 0, 1
4, 1, 2
50, 5, 2
173, 6, 1
25, 9, 2
54, 12, 2
77, 2, 1


34, 15, 0
68, 4, 0
104, 1, 0
83, 0, 1
33, 2, 1
51, 3, 2
38, 11, 0
208, 3, 1
50, 12, 0
37, 9, 2
29, 0, 1
203, 17, 2
59, 3, 2
25, 9, 2
10, 3, 2
100, 15, 2
30, 3, 1
7, 8, 2
11, 4, 0
56, 12, 1
42, 6, 1
16, 12, 2
81, 19, 0
22, 0, 2
63, 5, 1
97, 16, 2
65, 1, 2
45, 13, 0
3, 4, 1
50, 8, 0
25, 6, 0
27, 5, 1
94, 19, 0
44, 10, 2
101, 8, 2
197, 14, 0
9, 3, 2
34, 6, 0
45, 1, 1
17, 5, 0
31, 14, 1
25, 14, 1
48, 5, 1
88, 4, 1
68, 1, 0
94, 5, 1
67, 10, 1
19, 6, 1
60, 6, 2
0, 11, 1


9, 10, 2
43, 16, 0
12, 2, 2
161, 1, 1
18, 16, 0
207, 13, 0
12, 5, 2
32, 2, 2
33, 6, 0
26, 19, 0
159, 12, 2
37, 5, 1
53, 9, 2
7, 8, 1
55, 13, 1
16, 11, 0
23, 6, 1
6, 4, 2
64, 13, 2
166, 15, 2
190, 15, 2
86, 9, 2
3, 14, 1
128, 13, 1
60, 6, 0
36, 5, 2
42, 3, 2
171, 12, 0
147, 9, 0
38, 15, 2
104, 3, 0
97, 2, 1
17, 8, 1
89, 8, 2
7, 16, 0
62, 5, 0
45, 6, 0
38, 6, 1
29, 1, 2
52, 2, 0
54, 0, 2
100, 4, 1
86, 5, 2
25, 12, 1
34, 1, 1
56, 5, 0
43, 0, 2
126, 7, 2
14, 5, 2
87, 1, 2


56, 19, 2
49, 13, 0
104, 2, 0
66, 4, 2
6, 14, 1
54, 16, 0
4, 5, 1
29, 0, 1
32, 1, 0
96, 16, 0
18, 13, 2
50, 5, 2
68, 3, 1
42, 7, 2
33, 14, 1
61, 9, 1
208, 5, 0
146, 9, 1
116, 12, 2
46, 4, 1
192, 10, 0
99, 8, 1
9, 0, 0
73, 12, 0
153, 19, 0
36, 5, 0
102, 9, 1
12, 8, 1
96, 6, 0
56, 5, 1
48, 1, 2
54, 3, 0
45, 0, 2
19, 3, 0
101, 2, 0
54, 5, 2
36, 9, 0
23, 12, 0
42, 1, 1
65, 6, 0
98, 2, 0
94, 13, 1
25, 16, 0
13, 8, 2
79, 6, 0
3, 3, 0
70, 0, 0
8, 12, 2
71, 10, 2
87, 11, 0


34, 18, 0
61, 2, 0
74, 5, 0
78, 9, 0
6, 8, 2
40, 6, 2
16, 11, 1
27, 6, 2
32, 1, 0
41, 5, 0
72, 0, 1
13, 19, 2
47, 6, 1
62, 8, 2
46, 16, 0
21, 7, 0
208, 5, 0
36, 8, 0
67, 3, 0
43, 0, 1
19, 3, 1
51, 8, 1
56, 1, 2
3, 4, 2
15, 4, 1
93, 11, 2
36, 3, 0
95, 6, 0
65, 1, 1
84, 13, 1
4, 5, 2
89, 11, 1
79, 1, 2
27, 2, 2
98, 0, 1
101, 5, 0
11, 2, 2
32, 12, 2
43, 3, 1
50, 7, 1
48, 10, 0
87, 3, 2
63, 19, 2
19, 9, 1
11, 0, 0
39, 0, 2
105, 0, 0
8, 12, 2
71, 10, 2
6, 3, 0


62, 8, 1
169, 5, 2
41, 0, 2
176, 13, 2
27, 7, 2
54, 3, 1
8, 3, 2
208, 3, 1
202, 4, 0
30, 7, 2
105, 19, 2
12, 14, 0
45, 9, 0
154, 4, 1
28, 1, 1
105, 2, 2
5, 11, 2
61, 12, 1
38, 8, 0
23, 12, 2
10, 7, 2
73, 6, 1
81, 19, 0
22, 0, 2
23, 6, 0
53, 10, 0
97, 3, 0
28, 18, 0
188, 3, 2
130, 10, 1
3, 1, 2
67, 9, 2
94, 19, 0
14, 3, 1
15, 1, 0
43, 2, 2
192, 8, 2
50, 8, 0
33, 1, 2
102, 3, 1
61, 5, 1
105, 9, 0
44, 0, 1
36, 8, 2
86, 0, 2
24, 10, 1
96, 15, 2
68, 2, 2
57, 9, 0
88, 11, 1


38, 9, 1
47, 6, 0
207, 12, 0
13, 2, 0
5, 13, 1
78, 11, 0
55, 4, 1
103, 7, 1
67, 4, 2
41, 7, 1
193, 6, 0
47, 3, 1
17, 6, 2
142, 15, 0
21, 9, 2
30, 11, 2
62, 10, 1
13, 8, 1
21, 2, 2
21, 15, 1
9, 11, 1
207, 19, 1
46, 8, 1
0, 3, 0
27, 0, 2
66, 12, 2
36, 2, 0
64, 1, 2
88, 7, 0
97, 12, 2
98, 6, 2
37, 16, 2
65, 9, 0
193, 1, 0
79, 7, 0
5, 15, 1
61, 13, 1
69, 1, 2
40, 18, 1
18, 14, 0
40, 11, 0
86, 3, 2
98, 9, 2
35, 8, 2
36, 5, 1
37, 10, 0
23, 5, 2
76, 6, 2
34, 4, 1
49, 6, 0


4, 7, 1
208, 7, 1
32, 1, 1
70, 1, 1
61, 2, 1
182, 1, 2
29, 1, 2
47, 0, 0
5, 1, 0
117, 18, 0
56, 14, 0
60, 0, 2
15, 6, 2
56, 5, 2
104, 0, 1
8, 1, 2
37, 9, 0
92, 11, 2
157, 11, 1
59, 3, 0
30, 17, 1
17, 7, 2
41, 4, 0
32, 3, 2
9, 1, 2
74, 9, 0
14, 6, 0
28, 5, 2
13, 0, 1
97, 13, 2
32, 8, 1
56, 8, 0
48, 6, 1
78, 6, 1
182, 6, 2
3, 8, 1
65, 9, 1
208, 5, 0
97, 10, 2
193, 0, 0
33, 5, 0
88, 4, 1
4, 12, 0
27, 4, 1
74, 3, 2
13, 12, 2
91, 6, 0
42, 14, 1
95, 15, 0
50, 5, 0


8, 7, 0
53, 9, 2
207, 12, 0
71, 13, 2
0, 6, 2
67, 6, 0
55, 4, 1
103, 7, 1
67, 4, 2
32, 5, 1
193, 6, 0
45, 3, 0
17, 6, 2
75, 1, 0
9, 4, 0
30, 11, 2
30, 3, 1
65, 9, 0
69, 3, 1
4, 4, 1
84, 6, 0
56, 11, 1
63, 0, 2
10, 8, 2
19, 6, 0
56, 0, 1
26, 1, 0
36, 3, 0
22, 4, 2
71, 4, 1
51, 6, 2
15, 7, 0
131, 0, 1
31, 11, 1
47, 5, 2
21, 4, 0
49, 4, 1
54, 14, 2
61, 7, 0
48, 15, 2
75, 2, 0
43, 9, 0
128, 16, 1
96, 1, 0
115, 6, 2
50, 17, 2
10, 9, 0
17, 8, 1
60, 9, 2
40, 9, 2


75, 15, 1
208, 7, 1
58, 5, 1
97, 3, 0
22, 1, 0
19, 7, 0
30, 1, 0
45, 6, 2
16, 3, 0
53, 5, 0
175, 5, 2
85, 6, 2
37, 9, 2
45, 3, 2
153, 15, 2
160, 13, 0
14, 9, 0
43, 6, 1
5, 0, 1
47, 0, 0
31, 5, 0
36, 3, 0
63, 1, 1
63, 5, 1
162, 4, 2
50, 5, 0
2, 3, 0
34, 9, 0
6, 14, 1
39, 5, 0
121, 9, 2
19, 3, 1
25, 9, 0
25, 4, 2
43, 0, 1
52, 7, 2
73, 2, 0
86, 11, 2
29, 1, 2
92, 6, 1
12, 5, 1
75, 6, 0
26, 5, 2
23, 7, 0
94, 13, 1
3, 3, 0
68, 10, 0
126, 7, 2
71, 7, 1
79, 1, 2


113, 19, 2
29, 13, 1
33, 2, 1
4, 13, 2
56, 9, 2
83, 10, 0
41, 0, 1
8, 5, 2
11, 4, 2
10, 5, 1
35, 12, 0
41, 4, 0
61, 10, 0
0, 8, 1
42, 3, 1
21, 3, 0
71, 4, 1
206, 6, 2
37, 14, 2
16, 3, 2
44, 12, 2
12, 15, 0
12, 3, 1
37, 3, 2
65, 0, 2
5, 4, 0
66, 6, 0
69, 4, 0
28, 3, 0
23, 1, 2
37, 2, 0
95, 7, 1
66, 0, 1
15, 5, 2
197, 15, 2
25, 5, 2
60, 13, 0
208, 5, 0
105, 2, 2
107, 8, 2
98, 8, 2
100, 6, 2
32, 8, 1
28, 10, 2
94, 1, 1
16, 19, 0
29, 0, 1
75, 11, 2
47, 5, 2
19, 12, 0


38, 9, 1
198, 19, 1
32, 6, 1
83, 14, 2
34, 10, 2
7, 11, 1
5, 10, 1
11, 8, 2
64, 4, 0
43, 5, 0
43, 12, 2
17, 8, 1
41, 0, 1
12, 9, 1
33, 14, 1
61, 9, 1
208, 5, 0
55, 11, 0
116, 12, 2
16, 2, 1
55, 9, 1
1, 6, 1
65, 1, 0
61, 15, 0
20, 6, 2
27, 0, 1
60, 5, 1
39, 6, 0
69, 4, 1
18, 1, 2
55, 6, 0
88, 19, 2
82, 2, 1
6, 1, 2
51, 11, 2
27, 3, 0
107, 9, 1
81, 3, 2
156, 2, 1
74, 7, 1
66, 5, 2
80, 4, 2
9, 4, 1
26, 4, 1
35, 13, 2
18, 6, 1
197, 3, 1
56, 12, 1
51, 1, 0
102, 9, 0


65, 19, 1
34, 4, 0
93, 5, 0
60, 8, 2
33, 2, 2
45, 11, 0
195, 6, 2
65, 8, 0
30, 6, 0
96, 16, 0
18, 13, 2
0, 6, 1
41, 0, 1
42, 7, 2
60, 15, 1
61, 9, 1
208, 5, 0
146, 9, 1
49, 2, 1
16, 2, 1
68, 15, 0
7, 0, 0
22, 7, 0
2, 6, 0
52, 1, 1
58, 13, 1
50, 7, 0
105, 11, 2
64, 1, 2
25, 6, 1
55, 6, 0
88, 19, 2
82, 2, 1
66, 6, 1
100, 7, 0
5, 15, 1
18, 1, 2
12, 5, 2
8, 7, 0
80, 4, 0
37, 3, 2
95, 11, 2
16, 7, 2
53, 3, 1
13, 14, 2
84, 7, 2
14, 3, 1
178, 17, 0
73, 3, 2
181, 12, 1


18, 13, 1
75, 11, 1
12, 2, 0
61, 3, 0
7, 11, 2
67, 12, 1
41, 0, 1
19, 6, 1
11, 4, 2
10, 5, 1
35, 12, 0
41, 4, 0
61, 10, 0
0, 8, 1
42, 3, 1
21, 3, 0
71, 4, 1
206, 6, 2
37, 14, 2
16, 3, 2
44, 12, 2
12, 15, 0
12, 3, 1
37, 3, 2
65, 0, 2
5, 4, 0
66, 6, 0
69, 4, 0
43, 1, 0
23, 1, 2
37, 2, 0
95, 7, 1
66, 0, 1
89, 7, 1
182, 6, 2
45, 7, 2
58, 5, 1
23, 5, 2
93, 13, 2
34, 16, 0
98, 4, 2
21, 10, 1
208, 16, 2
33, 7, 1
78, 4, 1
18, 2, 0
15, 1, 1
30, 12, 0
25, 15, 2
52, 8, 1


51, 15, 1
64, 19, 1
23, 14, 1
34, 12, 1
34, 7, 1
6, 1, 0
18, 14, 0
50, 0, 1
69, 1, 0
16, 5, 2
55, 17, 1
26, 4, 1
159, 18, 1
19, 3, 2
45, 14, 0
198, 11, 0
75, 2, 0
28, 11, 0
84, 0, 2
7, 4, 1
79, 3, 0
187, 13, 1
80, 3, 1
56, 6, 0
31, 2, 1
42, 7, 2
104, 6, 1
170, 7, 2
94, 9, 0
10, 2, 1
7, 3, 1
206, 18, 2
100, 5, 1
60, 4, 0
87, 5, 2
1, 4, 0
2, 15, 2
73, 6, 2
67, 6, 0
107, 4, 1
37, 3, 2
23, 6, 0
38, 2, 0
55, 3, 1
13, 14, 2
84, 7, 2
58, 7, 0
178, 17, 0
29, 12, 0
181, 12, 1


196, 13, 2
208, 7, 1
40, 3, 0
14, 14, 0
35, 4, 1
14, 5, 1
181, 3, 0
156, 11, 2
98, 2, 1
63, 3, 2
19, 14, 0
61, 0, 2
12, 15, 0
38, 9, 2
18, 5, 1
32, 1, 1
53, 1, 0
5, 10, 0
67, 4, 2
116, 13, 2
22, 4, 0
13, 13, 1
67, 17, 2
96, 0, 2
169, 1, 1
44, 10, 1
104, 6, 1
72, 3, 2
51, 9, 0
1, 11, 2
7, 3, 1
206, 18, 2
5, 6, 2
35, 0, 2
7, 5, 0
88, 6, 2
40, 8, 2
4, 14, 1
59, 2, 2
70, 9, 0
24, 0, 0
3, 2, 2
72, 5, 1
54, 9, 2
6, 5, 2
30, 14, 0
16, 2, 0
41, 16, 2
84, 11, 1
25, 7, 1


196, 13, 2
208, 7, 1
191, 3, 2
10, 5, 2
15, 4, 0
182, 1, 2
181, 3, 0
156, 11, 2
58, 15, 0
122, 0, 2
33, 19, 2
35, 3, 2
36, 10, 0
109, 7, 1
192, 18, 0
45, 5, 0
29, 4, 0
57, 9, 0
193, 5, 1
69, 1, 1
144, 12, 2
42, 13, 1
1, 7, 1
23, 16, 2
90, 15, 2
89, 16, 2
47, 12, 0
63, 8, 1
114, 1, 0
175, 3, 2
40, 5, 2
88, 19, 2
158, 16, 2
54, 7, 2
89, 6, 2
68, 4, 2
85, 11, 0
29, 9, 2
55, 0, 1
56, 0, 0
102, 10, 1
41, 3, 0
98, 13, 0
18, 1, 1
33, 4, 2
103, 1, 0
51, 7, 1
22, 4, 0
81, 4, 2
19, 3, 0


7, 11, 2
23, 7, 0
3, 5, 0
171, 16, 2
27, 5, 1
36, 2, 2
18, 11, 0
0, 1, 0
25, 0, 1
74, 18, 0
64, 8, 2
20, 6, 2
45, 19, 1
17, 10, 0
49, 4, 2
62, 4, 1
79, 4, 2
206, 6, 2
63, 3, 2
69, 1, 2
42, 7, 0
106, 12, 1
52, 0, 2
37, 6, 1
56, 2, 1
33, 9, 2
70, 2, 2
28, 0, 2
112, 8, 2
73, 8, 0
57, 5, 0
27, 11, 2
17, 17, 0
14, 2, 0
98, 0, 1
101, 0, 2
103, 9, 1
203, 8, 1
105, 3, 2
32, 15, 1
18, 3, 2
20, 2, 0
5, 6, 0
104, 11, 0
54, 2, 2
2, 0, 1
75, 0, 2
53, 3, 1
103, 3, 2
66, 13, 0


0, 16, 1
24, 17, 1
109, 2, 0
66, 4, 2
11, 4, 0
28, 12, 1
6, 10, 0
65, 3, 2
32, 1, 0
96, 16, 0
18, 13, 2
129, 18, 0
23, 2, 0
194, 7, 1
33, 14, 1
43, 11, 0
208, 5, 0
146, 9, 1
116, 12, 2
47, 17, 1
67, 6, 2
50, 10, 1
2, 7, 2
37, 1, 2
50, 1, 1
60, 6, 2
35, 3, 1
43, 1, 2
0, 5, 2
89, 8, 2
184, 1, 1
97, 2, 2
30, 2, 2
109, 14, 2
197, 15, 2
25, 5, 2
40, 5, 2
73, 1, 1
97, 10, 2
4, 4, 2
95, 3, 0
100, 6, 2
63, 19, 2
102, 0, 0
115, 6, 2
61, 17, 2
60, 13, 0
47, 18, 1
140, 1, 0
32, 8, 0


43, 1, 2
35, 0, 1
139, 17, 2
55, 3, 2
208, 3, 2
11, 4, 0
14, 5, 0
22, 4, 2
50, 0, 0
38, 4, 0
50, 12, 0
42, 5, 2
91, 16, 2
80, 13, 0
99, 4, 0
28, 19, 0
8, 2, 2
69, 8, 0
134, 3, 1
62, 2, 2
42, 8, 2
18, 14, 1
159, 18, 2
82, 14, 2
169, 1, 1
65, 2, 1
11, 7, 0
37, 2, 0
85, 12, 1
88, 1, 2
77, 0, 2
206, 18, 2
4, 2, 2
26, 5, 2
28, 8, 0
53, 7, 2
77, 4, 2
69, 16, 0
91, 18, 0
77, 18, 2
33, 8, 0
98, 3, 2
17, 9, 2
71, 0, 0
35, 7, 0
63, 10, 2
63, 3, 2
0, 7, 0
4, 15, 1
22, 6, 2


66, 0, 0
198, 19, 1
66, 7, 2
171, 16, 2
53, 5, 1
29, 3, 0
31, 12, 0
59, 6, 1
55, 7, 0
18, 2, 1
26, 7, 2
78, 3, 1
21, 8, 1
36, 9, 1
198, 1, 1
22, 19, 2
53, 0, 2
206, 6, 2
21, 15, 2
33, 9, 0
4, 6, 2
102, 18, 1
34, 2, 1
135, 9, 1
33, 5, 2
188, 8, 0
56, 12, 2
93, 2, 2
88, 9, 0
60, 4, 1
55, 4, 2
108, 4, 0
138, 12, 2
119, 3, 0
66, 4, 2
68, 2, 0
98, 2, 2
11, 1, 1
144, 17, 0
27, 11, 0
81, 12, 1
149, 9, 1
61, 4, 1
92, 0, 1
64, 14, 2
5, 3, 0
104, 3, 2
11, 5, 2
38, 19, 2
2, 10, 0


57, 14, 1
52, 18, 2
207, 12, 0
49, 14, 2
35, 0, 0
80, 7, 0
26, 0, 2
43, 3, 2
69, 1, 0
107, 9, 1
57, 7, 2
90, 4, 1
100, 4, 2
26, 5, 2
90, 11, 2
47, 6, 0
67, 6, 0
8, 15, 1
15, 3, 1
14, 5, 2
44, 11, 1
102, 18, 1
34, 2, 1
33, 2, 2
41, 6, 1
64, 13, 2
2, 19, 1
39, 5, 2
17, 2, 2
9, 6, 1
38, 17, 2
63, 5, 1
87, 7, 0
38, 3, 0
6, 4, 2
85, 8, 0
45, 5, 1
39, 6, 2
19, 3, 1
61, 3, 2
75, 13, 1
50, 1, 1
107, 0, 2
43, 14, 0
94, 7, 2
5, 6, 2
173, 6, 1
75, 0, 2
97, 2, 0
98, 7, 2


5, 14, 1
83, 11, 0
37, 0, 0
26, 9, 2
50, 4, 0
57, 7, 0
48, 0, 1
89, 13, 1
34, 1, 0
11, 0, 1
61, 17, 2
56, 10, 0
91, 16, 2
60, 10, 2
29, 12, 0
28, 19, 0
173, 4, 2
206, 6, 2
2, 3, 0
29, 1, 2
92, 5, 0
102, 18, 1
32, 1, 0
54, 6, 1
69, 3, 2
33, 9, 2
97, 2, 1
65, 2, 0
112, 8, 2
73, 8, 0
57, 4, 2
99, 5, 1
94, 11, 2
2, 7, 2
42, 5, 2
88, 8, 2
45, 5, 1
27, 2, 2
186, 13, 2
64, 4, 1
168, 5, 1
108, 6, 2
17, 1, 1
47, 12, 1
35, 3, 1
100, 0, 1
43, 9, 2
95, 2, 2
15, 10, 1
58, 15, 2


56, 12, 0
34, 15, 1
26, 0, 2
26, 12, 1
24, 2, 1
196, 5, 1
14, 0, 2
128, 14, 2
23, 1, 1
100, 18, 0
73, 14, 2
43, 12, 0
149, 11, 1
142, 11, 0
67, 18, 0
6, 13, 1
69, 8, 1
31, 10, 0
48, 0, 1
67, 2, 1
173, 8, 1
59, 10, 0
69, 3, 2
200, 15, 1
56, 3, 2
80, 3, 0
98, 3, 0
3, 1, 1
75, 8, 2
92, 11, 0
206, 0, 1
38, 1, 2
73, 0, 1
42, 5, 0
27, 16, 0
43, 0, 2
77, 3, 0
27, 7, 2
53, 3, 1
193, 0, 0
81, 10, 1
5, 4, 0
9, 6, 1
17, 8, 2
63, 1, 0
62, 3, 2
54, 14, 1
134, 12, 1
49, 4, 2
17, 15, 2


43, 1, 2
66, 4, 2
60, 11, 2
171, 16, 2
208, 3, 2
24, 5, 1
35, 0, 0
8, 0, 1
55, 7, 0
85, 4, 2
26, 7, 2
19, 3, 1
7, 14, 0
36, 9, 1
19, 6, 1
4, 15, 2
173, 4, 2
206, 6, 2
39, 19, 0
89, 9, 2
54, 14, 2
102, 18, 1
34, 2, 1
39, 1, 0
56, 3, 1
18, 5, 2
57, 1, 1
5, 10, 1
45, 6, 0
62, 9, 2
18, 1, 2
54, 0, 0
131, 0, 1
71, 4, 0
103, 6, 1
78, 4, 2
60, 7, 1
62, 5, 0
97, 10, 2
94, 5, 0
48, 7, 2
84, 4, 0
46, 3, 1
189, 5, 0
28, 4, 1
69, 6, 1
87, 16, 0
81, 0, 1
103, 7, 0
108, 6, 1


19, 9, 2
77, 3, 0
144, 3, 2
85, 7, 0
113, 17, 1
36, 7, 0
38, 11, 0
208, 3, 1
9, 4, 1
31, 5, 2
105, 19, 2
203, 17, 2
127, 8, 0
154, 4, 1
98, 1, 2
13, 15, 1
1, 8, 1
169, 2, 1
38, 8, 0
23, 12, 2
54, 14, 2
102, 18, 1
13, 1, 2
17, 3, 1
20, 3, 2
81, 6, 2
11, 3, 2
68, 3, 0
133, 10, 1
41, 9, 0
46, 9, 0
51, 5, 1
74, 4, 0
28, 5, 1
24, 4, 2
108, 6, 1
4, 12, 0
48, 11, 0
28, 0, 0
40, 4, 2
14, 8, 0
96, 9, 0
6, 7, 0
53, 14, 1
29, 14, 0
5, 1, 0
33, 2, 2
41, 8, 0
44, 6, 2
81, 2, 2


83, 12, 2
39, 10, 1
9, 4, 1
90, 9, 0
33, 2, 1
61, 1, 2
38, 11, 0
208, 3, 1
202, 4, 0
35, 14, 2
51, 0, 0
203, 17, 2
127, 8, 0
3, 1, 2
49, 13, 2
100, 15, 2
30, 3, 1
19, 10, 2
54, 9, 2
72, 7, 1
42, 6, 1
73, 6, 1
81, 19, 0
22, 0, 2
63, 5, 1
15, 18, 1
28, 5, 0
10, 8, 2
188, 3, 2
50, 8, 0
39, 6, 0
27, 5, 1
68, 11, 1
179, 11, 2
25, 8, 2
197, 14, 0
9, 3, 2
34, 6, 0
43, 1, 0
7, 8, 2
16, 13, 2
25, 14, 1
200, 7, 1
26, 8, 2
42, 10, 0
81, 2, 2
4, 8, 2
72, 4, 0
45, 3, 2
18, 4, 0


69, 15, 1
36, 16, 1
139, 17, 2
46, 4, 0
34, 7, 1
6, 1, 0
131, 3, 2
7, 5, 2
208, 16, 0
80, 13, 0
0, 5, 0
33, 6, 1
101, 3, 2
66, 7, 2
90, 4, 0
97, 1, 1
45, 7, 1
56, 7, 0
95, 13, 2
54, 2, 2
14, 16, 1
2, 8, 2
73, 0, 2
21, 4, 1
27, 4, 1
175, 17, 1
6, 14, 2
64, 0, 2
43, 1, 0
13, 4, 0
103, 1, 2
34, 9, 2
7, 9, 2
83, 6, 1
60, 13, 2
23, 2, 1
53, 10, 0
81, 1, 1
116, 0, 1
21, 9, 2
24, 17, 0
50, 1, 0
191, 9, 2
20, 5, 1
181, 5, 0
31, 3, 1
9, 4, 1
27, 0, 1
25, 9, 2
88, 11, 1


38, 9, 1
66, 4, 2
139, 17, 2
171, 16, 2
7, 7, 2
24, 5, 1
35, 3, 1
55, 3, 2
55, 7, 0
62, 8, 2
26, 7, 2
61, 7, 0
7, 14, 0
69, 17, 0
104, 6, 2
29, 16, 1
49, 11, 2
206, 6, 2
50, 4, 1
33, 8, 1
71, 11, 2
102, 18, 1
39, 7, 1
8, 7, 0
32, 4, 0
23, 2, 0
47, 5, 2
1, 0, 2
159, 14, 0
105, 1, 2
13, 14, 1
81, 1, 2
11, 3, 2
66, 8, 1
135, 16, 0
3, 4, 1
118, 17, 2
28, 5, 2
9, 2, 1
46, 1, 0
31, 15, 1
67, 10, 1
18, 2, 1
72, 5, 2
50, 8, 2
40, 8, 0
94, 8, 2
40, 7, 0
139, 11, 2
93, 3, 2


9, 10, 2
43, 16, 0
12, 2, 2
40, 5, 1
18, 16, 1
207, 13, 0
12, 5, 2
49, 3, 2
33, 6, 0
26, 19, 0
159, 12, 2
37, 5, 1
6, 10, 0
7, 8, 1
55, 13, 1
16, 11, 0
23, 6, 1
6, 4, 2
64, 13, 2
166, 15, 2
28, 8, 0
86, 9, 2
3, 14, 1
128, 13, 1
60, 6, 0
36, 5, 2
42, 3, 2
171, 12, 0
147, 9, 0
38, 15, 2
104, 3, 0
51, 3, 1
17, 8, 1
89, 8, 2
101, 8, 2
197, 14, 0
65, 5, 0
34, 6, 0
45, 1, 1
54, 7, 2
57, 1, 0
25, 14, 1
48, 5, 1
72, 10, 2
68, 1, 0
94, 5, 1
76, 2, 1
19, 6, 1
98, 6, 1
0, 11, 1


113, 19, 2
29, 13, 1
35, 1, 0
4, 13, 2
56, 9, 2
68, 7, 1
41, 0, 1
8, 5, 2
49, 4, 1
10, 5, 1
35, 12, 0
41, 4, 0
51, 8, 0
9, 11, 1
20, 8, 1
21, 3, 0
51, 1, 2
206, 6, 2
37, 14, 2
45, 0, 1
44, 12, 2
12, 15, 0
90, 6, 1
37, 3, 2
65, 0, 2
5, 4, 0
66, 6, 0
69, 4, 0
28, 3, 0
23, 1, 2
37, 2, 0
95, 7, 1
66, 0, 1
15, 5, 2
197, 15, 2
25, 5, 2
16, 12, 0
86, 11, 2
29, 1, 2
80, 1, 0
62, 1, 0
15, 2, 2
98, 13, 0
47, 9, 0
205, 7, 0
14, 9, 1
86, 0, 1
32, 4, 2
72, 3, 2
54, 4, 1


23, 10, 2
17, 6, 0
208, 8, 2
188, 1, 1
50, 2, 1
38, 4, 1
181, 3, 0
32, 1, 1
17, 18, 2
77, 9, 1
94, 7, 2
35, 3, 1
63, 2, 0
45, 3, 2
90, 5, 0
26, 15, 2
27, 4, 1
5, 10, 0
134, 3, 1
26, 1, 1
54, 12, 0
65, 8, 1
62, 19, 0
65, 0, 0
90, 15, 2
89, 16, 2
41, 2, 2
140, 8, 0
18, 5, 1
58, 11, 0
111, 8, 1
38, 0, 0
69, 1, 2
95, 7, 2
76, 5, 1
156, 8, 0
69, 5, 2
101, 5, 0
70, 0, 0
105, 8, 2
33, 8, 0
58, 4, 0
107, 0, 2
43, 14, 0
9, 1, 2
13, 2, 1
173, 6, 1
24, 5, 2
83, 4, 2
104, 4, 2


16, 19, 0
208, 7, 1
52, 5, 0
97, 3, 0
33, 1, 1
97, 5, 0
6, 3, 2
1, 2, 0
74, 9, 0
68, 12, 2
88, 11, 2
35, 5, 0
91, 16, 2
60, 10, 2
2, 16, 0
44, 15, 1
20, 9, 2
206, 6, 2
14, 2, 1
29, 1, 2
92, 5, 0
36, 2, 2
104, 0, 0
54, 6, 1
28, 9, 2
3, 1, 1
11, 3, 2
69, 5, 0
9, 3, 2
31, 4, 0
73, 4, 1
51, 5, 1
45, 5, 0
22, 5, 2
11, 16, 1
96, 6, 2
57, 5, 2
33, 11, 1
208, 10, 1
15, 8, 1
59, 15, 1
83, 6, 2
200, 7, 1
18, 11, 1
37, 5, 0
6, 6, 1
86, 0, 1
57, 3, 0
37, 4, 1
21, 2, 2


26, 17, 2
47, 6, 0
207, 12, 0
13, 2, 0
5, 13, 1
78, 11, 0
55, 4, 1
103, 7, 1
61, 7, 2
41, 7, 1
193, 6, 0
46, 4, 1
45, 19, 1
4, 1, 2
49, 4, 2
83, 0, 0
8, 5, 2
65, 7, 2
0, 10, 1
89, 9, 2
23, 15, 1
102, 18, 1
40, 4, 1
20, 7, 1
59, 3, 1
33, 9, 2
97, 2, 1
65, 2, 0
112, 8, 2
73, 8, 0
57, 4, 2
99, 5, 1
94, 11, 2
2, 7, 2
72, 16, 2
88, 8, 2
45, 5, 1
27, 2, 2
186, 13, 2
5, 3, 2
168, 5, 1
108, 6, 2
17, 1, 1
24, 11, 1
35, 3, 1
100, 0, 1
173, 6, 1
95, 2, 2
93, 6, 1
58, 15, 2


8, 7, 0
47, 6, 0
207, 12, 0
13, 2, 0
5, 13, 1
78, 11, 0
55, 4, 1
103, 7, 1
67, 4, 2
32, 5, 1
193, 6, 0
47, 3, 1
17, 6, 2
75, 1, 0
21, 9, 2
30, 11, 2
62, 10, 1
65, 9, 0
49, 1, 0
4, 4, 1
84, 6, 0
56, 11, 1
23, 5, 1
72, 10, 2
19, 6, 0
33, 2, 0
40, 4, 2
11, 9, 0
56, 1, 2
71, 4, 1
78, 7, 0
28, 19, 2
131, 0, 1
31, 11, 1
197, 15, 2
92, 5, 0
49, 4, 1
2, 10, 1
61, 7, 0
193, 0, 0
75, 4, 2
35, 9, 1
15, 4, 2
43, 13, 0
1, 6, 1
46, 1, 2
87, 16, 0
134, 12, 1
92, 15, 2
118, 14, 0


34, 12, 2
77, 3, 0
144, 3, 2
85, 7, 0
31, 12, 1
41, 5, 2
208, 10, 1
34, 3, 1
43, 11, 2
58, 5, 0
155, 19, 1
37, 6, 1
30, 3, 2
49, 9, 1
14, 9, 0
16, 7, 2
80, 2, 2
22, 4, 2
20, 9, 1
50, 2, 2
40, 6, 1
35, 6, 1
115, 11, 2
62, 1, 0
48, 2, 0
10, 3, 0
14, 6, 0
54, 7, 1
201, 14, 0
20, 16, 1
4, 1, 1
14, 3, 0
11, 0, 1
62, 2, 2
99, 3, 1
6, 2, 1
50, 4, 0
58, 16, 1
91, 18, 0
77, 18, 2
33, 8, 0
116, 1, 1
18, 5, 1
94, 0, 0
50, 8, 1
87, 2, 2
79, 0, 2
104, 4, 2
87, 10, 1
34, 15, 1


106, 12, 1
4, 17, 2
167, 7, 2
25, 1, 1
27, 7, 2
39, 5, 1
38, 11, 0
208, 3, 1
61, 3, 1
35, 14, 2
105, 19, 2
34, 12, 1
127, 8, 0
154, 4, 1
80, 12, 0
100, 15, 2
1, 8, 1
51, 2, 0
38, 8, 0
28, 1, 1
54, 14, 2
102, 18, 1
13, 1, 2
24, 6, 1
45, 2, 2
47, 7, 1
104, 6, 1
6, 10, 0
104, 8, 2
12, 9, 0
33, 4, 0
27, 16, 2
6, 2, 1
60, 4, 0
94, 6, 2
5, 15, 1
45, 16, 0
1, 13, 1
8, 7, 0
33, 6, 0
101, 8, 1
96, 10, 2
6, 5, 1
5, 0, 1
13, 14, 2
16, 9, 1
16, 4, 1
2, 4, 0
35, 6, 2
181, 12, 1


29, 9, 1
51, 17, 2
207, 12, 0
5, 15, 1
5, 13, 1
80, 7, 0
125, 19, 2
12, 7, 1
61, 19, 2
14, 4, 1
43, 2, 1
18, 0, 2
55, 15, 2
45, 3, 2
100, 5, 0
26, 15, 2
5, 6, 1
5, 10, 0
134, 3, 1
26, 1, 1
32, 10, 2
46, 15, 0
6, 15, 0
53, 5, 1
54, 3, 1
36, 9, 1
16, 8, 2
3, 3, 0
85, 12, 1
44, 8, 2
59, 3, 1
37, 16, 2
65, 9, 0
50, 3, 1
65, 12, 0
31, 11, 1
20, 3, 0
89, 5, 2
40, 18, 1
10, 4, 0
40, 11, 0
86, 3, 2
51, 10, 2
81, 0, 0
78, 6, 0
34, 3, 0
36, 7, 0
32, 0, 1
69, 4, 1
27, 5, 2


34, 12, 2
11, 2, 1
144, 3, 2
56, 7, 2
113, 17, 1
41, 5, 2
208, 10, 1
43, 3, 2
71, 9, 1
99, 7, 0
155, 19, 1
51, 12, 2
90, 10, 2
81, 9, 1
14, 9, 0
11, 16, 1
16, 7, 0
61, 10, 0
2, 6, 2
6, 2, 2
61, 14, 0
104, 4, 2
10, 3, 2
54, 6, 0
77, 3, 0
69, 2, 2
25, 3, 0
140, 8, 0
9, 5, 1
16, 0, 2
50, 4, 1
103, 7, 1
104, 12, 2
57, 4, 1
40, 9, 2
48, 9, 2
70, 15, 1
97, 15, 0
60, 8, 1
101, 5, 1
66, 0, 0
86, 3, 1
159, 14, 0
76, 11, 0
46, 5, 1
64, 5, 2
99, 3, 2
32, 0, 1
12, 3, 0
67, 1, 2


47, 14, 2
22, 10, 1
45, 0, 0
70, 1, 1
61, 2, 1
182, 1, 2
29, 1, 2
47, 0, 0
72, 3, 2
117, 18, 0
56, 14, 0
60, 0, 2
31, 2, 0
56, 5, 2
104, 0, 1
46, 10, 2
56, 3, 0
34, 10, 2
157, 11, 1
13, 1, 2
92, 5, 0
56, 12, 1
6, 0, 0
10, 1, 1
60, 4, 2
68, 8, 0
11, 3, 2
34, 7, 1
9, 3, 2
25, 10, 2
73, 4, 1
51, 10, 1
0, 11, 0
40, 4, 2
52, 3, 1
100, 8, 1
21, 0, 0
41, 6, 2
208, 10, 1
15, 8, 1
102, 2, 0
97, 4, 2
200, 7, 1
18, 11, 1
23, 7, 1
41, 3, 0
63, 4, 1
57, 3, 0
91, 3, 2
21, 2, 2


83, 12, 2
39, 10, 1
9, 4, 1
49, 3, 0
33, 2, 1
19, 14, 2
38, 11, 0
74, 1, 0
19, 9, 1
1, 13, 0
45, 5, 1
191, 5, 2
53, 0, 1
80, 9, 1
14, 7, 0
60, 17, 1
24, 0, 2
61, 3, 0
51, 5, 2
27, 1, 0
104, 10, 1
57, 16, 2
5, 3, 1
59, 0, 2
80, 4, 1
7, 2, 1
104, 6, 1
37, 8, 0
46, 6, 1
25, 5, 2
7, 3, 1
206, 18, 2
29, 8, 2
60, 4, 0
12, 7, 1
21, 11, 2
2, 15, 2
69, 1, 2
8, 7, 0
72, 12, 0
59, 8, 0
96, 10, 2
68, 5, 2
101, 5, 2
32, 4, 2
64, 5, 2
93, 0, 0
32, 0, 1
22, 5, 1
92, 2, 1


185, 10, 0
35, 18, 1
44, 0, 1
17, 9, 1
34, 12, 0
36, 2, 2
12, 11, 0
98, 4, 0
16, 3, 0
30, 1, 1
175, 5, 2
61, 0, 2
30, 6, 2
45, 3, 2
61, 7, 2
160, 13, 0
69, 12, 0
43, 6, 1
35, 0, 1
47, 0, 0
39, 11, 1
4, 8, 1
63, 1, 1
24, 3, 1
78, 2, 1
36, 5, 0
2, 3, 0
34, 9, 0
53, 13, 1
54, 8, 2
121, 9, 2
97, 2, 1
25, 9, 0
25, 4, 2
74, 0, 0
206, 7, 1
73, 2, 0
64, 18, 1
21, 4, 1
66, 10, 2
52, 8, 0
65, 4, 1
42, 4, 1
13, 8, 1
68, 3, 1
30, 14, 0
100, 19, 2
58, 6, 0
25, 8, 2
83, 4, 2


32, 0, 0
16, 6, 2
63, 4, 1
61, 9, 2
59, 5, 1
1, 3, 2
79, 1, 1
22, 3, 1
29, 13, 2
2, 7, 0
100, 10, 1
30, 3, 0
44, 1, 1
8, 8, 2
64, 13, 0
19, 0, 2
73, 10, 2
65, 6, 1
5, 0, 1
46, 2, 1
88, 13, 1
48, 9, 1
67, 0, 0
12, 0, 2
40, 6, 0
98, 6, 2
49, 4, 1
34, 9, 0
79, 12, 2
25, 4, 0
38, 14, 2
98, 2, 0
60, 6, 1
16, 1, 0
103, 3, 1
5, 15, 1
27, 5, 0
69, 3, 1
68, 2, 2
54, 7, 0
30, 15, 1
43, 6, 0
41, 14, 1
18, 10, 1
25, 7, 1
32, 2, 1
60, 2, 2
9, 13, 1
42, 7, 2
90, 10, 0


47, 14, 2
22, 10, 1
45, 0, 0
70, 1, 1
61, 2, 1
182, 1, 2
15, 4, 2
47, 0, 0
72, 3, 2
72, 6, 1
12, 11, 1
52, 0, 2
31, 2, 0
46, 9, 0
15, 1, 1
46, 10, 2
56, 3, 0
34, 10, 2
157, 11, 1
13, 1, 2
79, 7, 1
56, 12, 1
6, 0, 0
10, 1, 1
60, 4, 2
64, 10, 0
11, 3, 2
34, 7, 1
9, 3, 2
25, 10, 2
73, 4, 1
51, 10, 1
0, 11, 0
40, 4, 2
52, 3, 1
9, 7, 0
21, 0, 0
61, 7, 2
208, 10, 1
15, 8, 1
102, 2, 0
97, 4, 2
200, 7, 1
18, 11, 1
23, 7, 1
41, 3, 0
38, 2, 2
27, 15, 0
92, 8, 0
90, 0, 2


