64

9, 9, 2
120, 2, 1
360, 14, 2
48, 13, 2
136, 2, 0
107, 17, 0
66, 9, 0
88, 19, 1
56, 0, 2
75, 1, 2
144, 3, 1
111, 2, 1
25, 2, 0
106, 4, 1
16, 0, 0
143, 1, 2
446, 10, 2
29, 6, 2
96, 8, 1
386, 17, 0
97, 4, 0
85, 3, 1
71, 4, 2
215, 17, 0
215, 12, 0
112, 3, 2
15, 8, 1
71, 18, 2
146, 5, 2
183, 2, 0
158, 11, 1
73, 8, 1
54, 0, 2
102, 5, 0
109, 7, 1
63, 14, 2
7, 11, 2
36, 5, 0
95, 6, 1
28, 1, 1
380, 19, 0
69, 3, 1
10, 5, 2
121, 8, 1
133, 0, 2
99, 10, 2
90, 9, 0
26, 4, 2
21, 8, 1
376, 8, 1
214, 9, 1
238, 6, 0
126, 3, 2
4, 5, 0
204, 15, 1
86, 10, 1
82, 6, 0
26, 13, 2
97, 13, 1
154, 2, 2
66, 2, 1
79, 6, 1
58, 0, 0
229, 11, 1
174, 9, 1
58, 5, 2
59, 7, 1
374, 3, 1
449, 16, 0
108, 1, 1
294, 8, 0
51, 6, 0
201, 11, 2
239, 18, 1
361, 6, 2
23, 11, 0
243, 2, 2
188, 10, 2
418, 0, 0
77, 9, 1
215, 6, 0
201, 2, 1
53, 10, 1
190, 16, 0
44, 9, 0
39, 2, 2
349, 13, 2
282, 8, 2
85, 7, 2
21, 6, 1
165, 14, 0
162, 1, 0
343, 6, 0
96, 3, 1
17, 7, 0
194, 0, 1
105, 0, 0
61, 12, 2
191, 8, 1
146, 0, 2


60, 12, 1
152, 10, 2
23, 7, 0
307, 0, 0
80, 18, 2
76, 10, 0
354, 2, 2
386, 8, 1
160, 19, 0
205, 0, 0
127, 8, 0
90, 0, 2
213, 2, 1
146, 6, 0
125, 5, 2
65, 13, 2
52, 3, 1
133, 8, 0
407, 18, 1
336, 4, 1
326, 5, 2
85, 13, 1
135, 3, 1
194, 17, 2
404, 11, 1
292, 6, 1
126, 3, 2
11, 18, 1
94, 5, 1
120, 2, 0
135, 7, 0
44, 5, 2
39, 3, 1
74, 2, 1
142, 12, 1
63, 14, 2
8, 0, 0
36, 5, 0
83, 1, 0
50, 0, 2
114, 12, 1
48, 5, 1
109, 3, 0
186, 3, 0
209, 6, 0
99, 10, 2
90, 9, 0
228, 8, 0
72, 11, 0
38, 9, 0
27, 3, 0
238, 6, 0
25, 6, 2
449, 12, 1
74, 7, 0
142, 5, 2
91, 11, 0
26, 13, 2
101, 6, 1
93, 1, 2
12, 2, 1
140, 3, 2
0, 3, 2
229, 11, 1
104, 9, 1
21, 3, 1
210, 3, 1
374, 3, 1
449, 16, 0
72, 2, 0
367, 9, 2
97, 7, 2
185, 10, 0
79, 5, 0
97, 0, 2
163, 5, 1
450, 3, 1
175, 11, 1
159, 13, 1
60, 16, 0
68, 3, 2
95, 12, 2
17, 10, 2
451, 2, 0
22, 14, 1
87, 6, 2
322, 9, 2
18, 1, 2
140, 6, 0
130, 16, 1
137, 5, 0
60, 2, 1
64, 2, 1
150, 1, 0
200, 4, 0
213, 9, 2
163, 10, 2
119, 11, 2
35, 6, 2
6, 5, 0


36, 7, 2
129, 15, 0
226, 5, 2
58, 15, 2
125, 5, 1
142, 4, 1
28, 9, 0
139, 5, 1
81, 13, 1
90, 4, 0
140, 0, 2
105, 14, 1
173, 1, 2
131, 3, 2
121, 12, 1
126, 7, 2
194, 6, 0
43, 3, 2
161, 5, 2
38, 6, 2
56, 4, 1
56, 3, 0
1, 7, 0
103, 19, 0
426, 9, 2
32, 5, 2
346, 5, 2
119, 8, 1
6, 3, 0
74, 6, 2
448, 8, 0
172, 8, 2
111, 1, 1
181, 2, 1
118, 1, 1
156, 7, 0
43, 11, 0
103, 1, 1
270, 5, 1
89, 3, 1
396, 16, 1
138, 7, 0
72, 8, 1
186, 3, 0
220, 6, 2
349, 14, 2
109, 8, 2
81, 5, 2
146, 4, 0
221, 16, 2
135, 9, 1
88, 5, 1
178, 0, 2
67, 14, 1
81, 6, 1
129, 9, 1
216, 9, 0
197, 12, 1
63, 5, 0
103, 4, 1
201, 4, 0
18, 4, 0
0, 3, 2
229, 11, 1
211, 9, 0
21, 3, 1
19, 8, 1
16, 12, 0
449, 16, 0
169, 1, 1
122, 9, 1
1, 4, 0
73, 2, 2
110, 1, 2
98, 1, 2
21, 4, 2
132, 0, 1
52, 5, 1
4, 10, 2
115, 12, 0
214, 5, 2
118, 12, 0
171, 9, 2
61, 8, 1
41, 11, 0
329, 10, 0
7, 1, 2
144, 7, 1
78, 7, 1
96, 8, 1
190, 10, 0
158, 12, 0
37, 2, 1
106, 7, 1
217, 0, 0
189, 0, 1
84, 14, 0
64, 1, 0
165, 13, 2
93, 1, 2


217, 6, 2
32, 4, 1
212, 9, 0
131, 0, 0
103, 7, 1
49, 0, 2
209, 4, 0
76, 4, 2
382, 12, 1
138, 7, 2
122, 2, 2
114, 7, 1
306, 14, 2
19, 10, 2
52, 5, 2
223, 13, 0
18, 5, 1
137, 17, 0
116, 6, 2
85, 9, 2
45, 4, 2
186, 1, 2
36, 18, 2
421, 8, 1
62, 6, 0
179, 3, 0
26, 6, 1
93, 14, 2
72, 2, 1
190, 7, 0
67, 5, 2
4, 4, 1
444, 6, 2
313, 6, 2
13, 8, 1
432, 7, 2
361, 11, 1
139, 9, 1
194, 8, 1
44, 1, 2
396, 16, 1
33, 18, 2
113, 13, 0
184, 5, 1
223, 2, 1
7, 15, 0
53, 4, 0
75, 5, 2
101, 5, 2
56, 14, 0
8, 7, 2
54, 2, 2
164, 17, 0
23, 15, 2
133, 8, 2
73, 6, 2
90, 11, 0
203, 18, 2
79, 0, 2
126, 6, 2
209, 9, 0
109, 2, 1
147, 11, 2
122, 13, 0
133, 14, 1
248, 2, 1
430, 1, 0
131, 13, 0
78, 10, 2
150, 14, 0
367, 9, 2
363, 2, 2
185, 10, 0
124, 18, 0
93, 3, 0
163, 5, 1
450, 3, 1
144, 4, 1
121, 7, 2
275, 15, 2
27, 6, 1
95, 12, 2
114, 5, 2
451, 2, 0
61, 13, 1
436, 4, 0
322, 9, 2
35, 1, 0
125, 9, 1
130, 16, 1
192, 7, 0
91, 7, 1
86, 4, 0
83, 3, 2
149, 0, 0
26, 8, 0
146, 8, 1
197, 7, 1
72, 6, 1
22, 12, 2


60, 12, 1
134, 17, 1
23, 7, 0
208, 4, 0
80, 18, 2
76, 10, 0
10, 7, 2
386, 8, 1
91, 4, 2
205, 0, 0
127, 8, 0
90, 0, 2
8, 10, 1
148, 7, 0
125, 5, 2
65, 13, 2
78, 8, 0
89, 3, 0
32, 4, 2
336, 4, 1
326, 5, 2
85, 13, 1
180, 5, 2
147, 7, 1
404, 11, 1
292, 6, 1
126, 3, 2
44, 8, 2
94, 5, 1
138, 2, 1
135, 7, 0
98, 6, 1
75, 5, 2
74, 2, 1
108, 10, 1
63, 14, 2
123, 0, 0
36, 5, 0
83, 1, 0
128, 10, 0
114, 12, 1
176, 3, 1
109, 3, 0
17, 0, 0
179, 4, 0
99, 10, 2
90, 9, 0
440, 11, 2
34, 10, 1
376, 8, 1
27, 3, 0
238, 6, 0
25, 6, 2
449, 12, 1
148, 2, 0
142, 5, 2
82, 6, 0
26, 13, 2
101, 6, 1
93, 1, 2
12, 2, 1
140, 3, 2
29, 5, 0
229, 11, 1
104, 9, 1
21, 3, 1
210, 3, 1
216, 6, 2
449, 16, 0
85, 0, 2
143, 10, 2
177, 13, 0
50, 6, 2
62, 6, 0
435, 8, 1
210, 13, 1
131, 1, 2
25, 10, 0
20, 18, 1
116, 4, 1
130, 12, 2
141, 8, 2
171, 9, 2
55, 2, 1
185, 5, 1
87, 6, 2
322, 9, 2
34, 1, 2
193, 7, 1
80, 2, 0
11, 5, 2
181, 5, 0
41, 11, 2
100, 4, 1
200, 4, 0
136, 1, 1
50, 5, 0
40, 4, 1
128, 14, 1
108, 3, 1


223, 8, 0
21, 1, 1
14, 0, 0
144, 0, 1
103, 18, 2
70, 5, 1
156, 4, 1
130, 3, 0
208, 17, 0
147, 3, 2
83, 7, 1
407, 10, 0
61, 7, 1
19, 9, 2
92, 7, 1
56, 14, 2
285, 13, 2
140, 3, 2
131, 9, 1
105, 9, 2
236, 9, 0
98, 9, 2
338, 16, 1
139, 6, 0
193, 6, 1
123, 16, 2
37, 10, 1
64, 17, 1
118, 5, 0
104, 3, 1
143, 12, 0
98, 6, 1
114, 3, 0
98, 0, 0
41, 0, 2
87, 8, 2
149, 1, 1
48, 6, 0
46, 6, 0
52, 3, 1
173, 14, 1
122, 8, 2
33, 4, 2
208, 1, 1
18, 5, 0
36, 18, 1
175, 11, 2
194, 13, 1
146, 2, 0
5, 10, 2
452, 2, 0
76, 3, 0
75, 5, 2
155, 2, 2
45, 12, 1
386, 11, 2
60, 9, 1
115, 10, 2
150, 7, 0
215, 4, 2
32, 12, 1
5, 1, 1
89, 3, 1
55, 5, 1
103, 2, 1
9, 1, 0
71, 3, 2
129, 8, 2
66, 4, 1
151, 1, 2
69, 8, 0
201, 2, 1
35, 7, 2
93, 15, 1
150, 12, 2
13, 13, 0
152, 6, 1
207, 9, 0
225, 4, 1
131, 1, 2
210, 0, 1
39, 11, 1
41, 10, 2
23, 7, 1
182, 9, 0
1, 2, 1
366, 5, 0
188, 3, 2
40, 13, 2
120, 10, 1
187, 5, 1
204, 9, 2
20, 0, 0
93, 4, 1
212, 5, 2
126, 4, 2
72, 4, 0
103, 8, 2
35, 9, 2
101, 18, 1


20, 15, 2
151, 10, 1
120, 10, 0
166, 6, 1
157, 6, 1
56, 5, 0
39, 13, 2
151, 4, 0
37, 8, 2
82, 4, 2
110, 11, 0
119, 1, 2
237, 1, 1
79, 4, 2
74, 8, 1
141, 11, 1
109, 10, 2
13, 2, 0
323, 5, 0
40, 7, 1
76, 13, 0
103, 6, 2
208, 14, 1
17, 6, 0
130, 11, 1
9, 2, 1
63, 5, 1
19, 9, 1
0, 9, 2
199, 2, 0
57, 6, 0
161, 2, 0
101, 8, 2
196, 4, 0
313, 8, 2
52, 6, 2
48, 11, 1
64, 2, 1
105, 16, 0
365, 0, 2
81, 16, 1
15, 2, 0
30, 7, 0
86, 5, 0
252, 8, 1
36, 18, 1
54, 6, 1
57, 14, 0
346, 3, 0
8, 4, 1
196, 11, 2
25, 5, 0
282, 15, 0
76, 5, 0
95, 12, 2
117, 5, 2
336, 6, 0
26, 6, 2
121, 2, 1
137, 7, 1
188, 2, 1
172, 3, 0
128, 4, 2
51, 9, 1
307, 0, 1
112, 9, 1
429, 11, 0
62, 9, 0
35, 12, 1
143, 16, 0
100, 7, 0
110, 5, 1
125, 14, 0
226, 5, 1
32, 0, 2
230, 17, 0
142, 3, 1
180, 10, 0
434, 17, 2
145, 3, 1
91, 1, 1
132, 0, 0
217, 7, 1
212, 4, 0
217, 4, 1
158, 5, 0
186, 7, 0
138, 3, 1
27, 2, 0
219, 14, 0
173, 8, 0
149, 12, 0
116, 2, 1
67, 6, 2
452, 11, 1
97, 10, 1
43, 2, 2
111, 5, 2
185, 14, 1
139, 10, 1


222, 11, 2
129, 10, 2
68, 5, 0
145, 9, 0
45, 3, 2
145, 4, 0
175, 6, 1
151, 8, 2
147, 5, 1
27, 2, 0
216, 0, 1
23, 8, 0
121, 3, 2
100, 7, 2
54, 19, 1
84, 8, 0
132, 9, 2
114, 2, 1
31, 9, 0
72, 11, 1
11, 2, 2
166, 9, 1
34, 3, 0
101, 11, 0
75, 11, 2
196, 8, 1
32, 16, 2
105, 14, 2
80, 5, 1
44, 10, 0
47, 14, 0
89, 10, 2
95, 7, 1
44, 7, 0
77, 2, 1
63, 14, 2
25, 2, 2
210, 0, 1
134, 6, 2
46, 4, 1
380, 19, 0
43, 1, 0
96, 7, 0
207, 9, 2
109, 8, 1
83, 13, 0
64, 1, 2
72, 4, 1
124, 6, 0
166, 10, 2
8, 3, 0
105, 5, 0
198, 3, 1
75, 8, 1
148, 13, 0
62, 6, 2
233, 18, 1
165, 3, 0
127, 4, 1
146, 2, 2
84, 3, 2
106, 16, 2
63, 11, 1
12, 12, 1
449, 3, 0
185, 12, 0
317, 8, 2
137, 8, 2
11, 14, 0
127, 3, 0
204, 6, 1
30, 3, 0
67, 0, 2
55, 8, 2
225, 8, 1
189, 3, 2
169, 15, 2
185, 1, 0
131, 18, 2
121, 12, 0
103, 5, 1
190, 3, 2
249, 13, 2
31, 11, 2
155, 4, 1
123, 2, 0
113, 4, 2
127, 1, 2
72, 7, 2
450, 2, 2
104, 10, 1
104, 14, 2
72, 18, 0
294, 5, 0
228, 14, 0
149, 10, 1
93, 2, 2
16, 10, 2
93, 17, 2
370, 10, 1


69, 4, 1
35, 2, 1
167, 4, 1
307, 0, 0
53, 8, 1
2, 16, 1
182, 4, 2
119, 4, 2
49, 7, 0
114, 2, 2
45, 5, 0
126, 3, 1
102, 1, 1
55, 3, 0
122, 1, 1
35, 8, 0
92, 8, 0
226, 10, 1
7, 18, 2
14, 12, 1
1, 13, 0
166, 9, 1
107, 6, 2
101, 11, 0
34, 12, 2
150, 5, 2
13, 3, 0
173, 11, 2
218, 6, 0
128, 10, 2
133, 13, 0
148, 3, 0
127, 9, 0
112, 9, 1
18, 2, 0
60, 4, 0
130, 0, 0
202, 2, 1
134, 6, 2
17, 0, 0
380, 19, 0
78, 3, 1
96, 7, 0
60, 10, 1
66, 7, 2
25, 5, 0
95, 10, 2
187, 0, 1
93, 6, 0
376, 8, 1
229, 13, 0
128, 5, 0
140, 7, 2
449, 12, 1
39, 1, 1
173, 3, 1
2, 7, 2
77, 7, 0
46, 4, 2
93, 1, 2
139, 4, 0
74, 1, 0
132, 16, 2
161, 14, 1
106, 4, 1
76, 2, 2
88, 8, 2
53, 12, 1
28, 4, 2
43, 4, 0
103, 10, 1
111, 3, 2
168, 4, 2
84, 5, 0
121, 17, 1
116, 12, 1
4, 2, 0
196, 14, 2
87, 9, 0
96, 4, 1
187, 1, 2
8, 8, 2
115, 6, 1
20, 10, 0
192, 0, 2
50, 4, 2
201, 8, 1
31, 2, 2
43, 13, 0
219, 14, 0
194, 4, 0
76, 13, 0
183, 7, 1
131, 6, 2
224, 5, 2
124, 4, 0
218, 0, 0
18, 7, 1
160, 5, 1
68, 6, 2


68, 5, 0
353, 14, 2
27, 2, 1
148, 3, 0
28, 15, 1
222, 14, 0
109, 13, 2
95, 13, 0
56, 0, 2
115, 2, 1
221, 8, 1
281, 19, 1
71, 4, 0
123, 0, 1
9, 1, 1
125, 11, 0
95, 0, 1
235, 13, 0
184, 8, 1
77, 6, 0
215, 10, 0
166, 9, 1
214, 0, 0
143, 13, 0
160, 12, 0
293, 14, 2
119, 13, 0
173, 11, 2
59, 6, 2
114, 6, 1
139, 8, 2
158, 5, 1
67, 3, 1
184, 19, 2
147, 2, 0
32, 2, 1
46, 5, 2
146, 5, 1
452, 1, 0
145, 1, 0
190, 1, 1
34, 7, 2
149, 5, 1
10, 12, 2
83, 5, 1
62, 2, 0
209, 14, 0
286, 9, 1
314, 17, 2
75, 5, 2
38, 12, 2
343, 16, 1
188, 1, 2
108, 5, 2
80, 7, 1
100, 11, 0
80, 16, 1
102, 15, 1
6, 11, 0
137, 7, 1
131, 4, 1
87, 2, 1
37, 15, 0
8, 7, 0
2, 2, 1
142, 7, 0
66, 3, 2
69, 8, 0
143, 4, 1
143, 16, 0
392, 4, 1
119, 15, 0
7, 14, 2
226, 5, 1
144, 3, 0
201, 0, 2
139, 9, 1
168, 1, 0
149, 11, 2
169, 16, 0
185, 11, 1
12, 11, 0
120, 6, 0
35, 2, 1
22, 0, 2
39, 2, 1
71, 11, 2
20, 3, 1
16, 0, 0
73, 1, 1
23, 12, 2
208, 6, 0
118, 11, 2
101, 2, 1
188, 4, 1
424, 11, 0
116, 13, 1
41, 3, 2
93, 5, 1
26, 18, 0


175, 19, 2
48, 0, 2
124, 8, 1
130, 12, 2
335, 18, 2
425, 8, 1
41, 14, 0
88, 19, 1
183, 9, 1
190, 15, 2
108, 14, 0
32, 0, 2
71, 4, 2
121, 10, 1
141, 3, 1
165, 4, 2
386, 11, 2
316, 2, 1
116, 9, 2
86, 8, 1
262, 17, 0
334, 13, 1
208, 14, 1
280, 9, 0
258, 6, 1
9, 2, 1
63, 5, 1
64, 7, 0
0, 9, 2
397, 9, 1
177, 6, 1
122, 5, 1
24, 1, 0
17, 14, 0
313, 8, 2
443, 15, 2
232, 11, 1
428, 3, 1
133, 11, 0
89, 2, 1
81, 16, 1
107, 1, 0
285, 9, 2
165, 14, 2
252, 8, 1
36, 18, 1
115, 3, 2
194, 13, 1
346, 3, 0
169, 16, 2
452, 2, 0
32, 17, 1
282, 15, 0
76, 5, 0
105, 8, 1
418, 19, 0
232, 3, 0
136, 19, 1
240, 13, 2
30, 2, 0
32, 12, 1
95, 1, 0
41, 2, 0
61, 18, 2
151, 8, 1
114, 4, 0
45, 15, 0
197, 6, 0
5, 16, 0
134, 3, 1
42, 9, 2
60, 8, 0
60, 5, 1
93, 15, 1
149, 6, 1
204, 2, 2
30, 7, 0
50, 10, 0
200, 12, 1
55, 3, 0
80, 3, 1
46, 4, 2
82, 2, 1
146, 5, 0
52, 13, 2
106, 1, 2
40, 12, 0
205, 3, 0
48, 10, 1
83, 9, 1
190, 10, 0
59, 11, 1
127, 3, 2
96, 10, 2
218, 14, 0
64, 4, 2
171, 1, 2
54, 10, 1
35, 5, 1
152, 12, 1


252, 13, 0
218, 1, 1
43, 6, 0
157, 18, 0
125, 10, 0
222, 14, 0
66, 9, 0
88, 19, 1
13, 10, 0
81, 2, 2
144, 3, 1
9, 5, 1
25, 2, 0
106, 4, 1
129, 1, 2
223, 10, 0
446, 10, 2
29, 6, 2
96, 8, 1
386, 17, 0
9, 1, 1
166, 9, 1
71, 4, 2
149, 7, 2
127, 12, 1
293, 14, 2
119, 13, 0
183, 5, 0
218, 6, 0
321, 16, 0
37, 3, 0
7, 7, 1
221, 4, 0
109, 7, 1
30, 8, 1
32, 2, 1
46, 2, 0
265, 14, 2
452, 1, 0
46, 0, 0
118, 7, 0
81, 4, 1
149, 5, 1
157, 13, 0
106, 0, 2
137, 2, 0
209, 14, 0
46, 5, 2
26, 7, 0
7, 16, 2
161, 11, 2
343, 16, 1
97, 2, 0
108, 5, 2
193, 8, 1
145, 10, 0
12, 13, 1
32, 15, 2
16, 4, 0
137, 7, 1
90, 8, 2
226, 2, 2
96, 0, 1
22, 13, 0
217, 1, 1
142, 7, 0
429, 11, 0
138, 17, 0
39, 1, 0
54, 12, 2
392, 4, 1
73, 1, 0
11, 0, 2
6, 9, 1
121, 8, 1
1, 5, 2
22, 3, 2
57, 3, 0
87, 4, 2
2, 0, 2
83, 3, 2
206, 1, 1
20, 9, 2
91, 6, 1
329, 12, 2
140, 2, 0
102, 0, 2
0, 5, 0
173, 7, 2
2, 2, 2
107, 3, 0
211, 4, 1
191, 7, 2
65, 2, 1
55, 12, 0
110, 7, 2
78, 8, 0
204, 4, 1
151, 9, 1
43, 14, 0


223, 8, 0
16, 3, 0
53, 0, 0
144, 0, 1
103, 18, 2
95, 6, 0
156, 4, 1
148, 3, 1
208, 17, 0
104, 3, 0
191, 4, 0
102, 3, 0
61, 7, 1
19, 9, 2
92, 7, 1
42, 14, 1
3, 2, 2
29, 6, 2
122, 8, 1
386, 17, 0
48, 1, 1
166, 9, 1
58, 3, 0
247, 2, 2
81, 7, 0
293, 14, 2
119, 13, 0
100, 9, 1
218, 6, 0
2, 4, 1
49, 10, 0
158, 5, 1
186, 6, 2
129, 11, 0
89, 1, 1
56, 5, 0
17, 5, 0
103, 16, 2
452, 1, 0
131, 1, 0
110, 11, 2
81, 4, 1
149, 5, 1
157, 13, 0
167, 3, 1
62, 2, 0
19, 11, 0
200, 4, 2
99, 4, 0
142, 4, 2
161, 11, 2
188, 7, 1
147, 14, 1
108, 5, 2
26, 10, 2
72, 10, 1
196, 5, 0
32, 15, 2
112, 5, 2
116, 1, 0
208, 1, 2
20, 2, 2
34, 10, 1
169, 19, 2
198, 4, 1
36, 6, 2
172, 11, 2
138, 17, 0
66, 5, 2
143, 16, 0
36, 2, 0
29, 1, 0
4, 13, 1
195, 10, 2
90, 0, 2
82, 12, 0
142, 8, 2
88, 2, 1
12, 5, 0
194, 3, 1
43, 1, 1
113, 4, 0
84, 7, 0
224, 4, 2
103, 11, 0
51, 0, 2
106, 3, 0
188, 3, 2
54, 0, 2
190, 10, 0
41, 9, 2
183, 3, 1
125, 0, 2
88, 8, 1
96, 10, 0
173, 2, 0
140, 0, 2
133, 6, 1
87, 9, 0
145, 15, 2


252, 13, 0
353, 14, 2
360, 14, 2
136, 17, 2
51, 6, 0
222, 14, 0
21, 6, 0
88, 19, 1
156, 7, 0
130, 2, 2
144, 3, 1
281, 19, 1
59, 6, 0
180, 7, 1
251, 6, 0
121, 16, 1
446, 10, 2
235, 13, 0
184, 8, 1
77, 6, 0
215, 10, 0
166, 9, 1
71, 4, 2
41, 9, 0
160, 12, 0
293, 14, 2
119, 13, 0
173, 11, 2
25, 4, 1
10, 9, 2
139, 8, 2
158, 5, 1
67, 3, 1
184, 19, 2
147, 2, 0
32, 2, 1
46, 5, 2
146, 8, 2
452, 1, 0
145, 1, 0
190, 1, 1
81, 4, 1
149, 5, 1
157, 13, 0
83, 5, 1
62, 2, 0
209, 14, 0
286, 9, 1
314, 17, 2
75, 5, 2
73, 8, 0
343, 16, 1
253, 18, 0
108, 5, 2
80, 7, 1
100, 11, 0
115, 13, 1
32, 15, 2
6, 11, 0
137, 7, 1
131, 4, 1
87, 2, 1
37, 15, 0
8, 7, 0
307, 0, 1
142, 7, 0
66, 3, 2
138, 17, 0
88, 10, 2
143, 16, 0
392, 4, 1
28, 1, 1
7, 14, 2
226, 5, 1
361, 6, 2
220, 16, 0
139, 9, 1
90, 13, 1
7, 6, 1
169, 16, 0
185, 11, 1
12, 11, 0
27, 8, 0
275, 8, 1
22, 0, 2
45, 1, 1
250, 19, 0
378, 8, 1
91, 6, 1
109, 2, 0
23, 12, 2
47, 9, 0
118, 11, 2
101, 2, 1
126, 9, 2
424, 11, 0
116, 13, 1
34, 11, 0
57, 18, 2
26, 18, 0


35, 12, 2
7, 10, 1
68, 3, 2
186, 14, 2
219, 10, 2
100, 5, 0
56, 6, 0
232, 8, 1
125, 19, 1
90, 9, 2
301, 9, 1
119, 1, 2
237, 1, 1
77, 13, 0
76, 7, 0
147, 15, 1
29, 3, 0
192, 0, 0
323, 5, 0
40, 7, 1
56, 13, 0
210, 8, 0
110, 4, 2
136, 16, 1
85, 10, 1
39, 3, 0
21, 5, 0
227, 2, 2
107, 4, 0
74, 6, 2
448, 8, 0
108, 7, 0
122, 3, 1
226, 4, 2
25, 2, 2
114, 4, 2
122, 4, 0
75, 5, 2
66, 11, 0
431, 14, 0
148, 7, 1
197, 12, 1
104, 1, 1
101, 12, 0
114, 1, 2
222, 6, 2
81, 3, 2
172, 11, 2
45, 1, 0
147, 6, 1
115, 10, 1
291, 18, 0
128, 4, 2
81, 12, 1
145, 8, 2
162, 5, 2
93, 14, 2
37, 3, 0
175, 8, 2
0, 3, 1
32, 12, 1
65, 3, 2
227, 6, 0
124, 9, 2
186, 6, 0
200, 4, 1
96, 1, 0
206, 4, 0
105, 13, 0
101, 2, 2
63, 9, 1
124, 15, 2
52, 12, 1
56, 10, 1
84, 11, 1
201, 5, 1
4, 2, 0
166, 13, 2
46, 17, 2
9, 2, 0
30, 1, 1
202, 7, 2
17, 7, 2
139, 5, 1
63, 5, 1
50, 4, 2
68, 4, 1
55, 3, 1
98, 13, 1
103, 5, 1
87, 5, 0
74, 11, 2
146, 4, 1
0, 5, 2
202, 15, 0
165, 7, 0
82, 6, 2
102, 4, 1
90, 1, 0
209, 12, 2


18, 5, 0
129, 15, 0
226, 6, 2
39, 14, 0
183, 13, 0
17, 4, 0
79, 9, 1
64, 1, 0
134, 15, 1
76, 13, 1
140, 0, 2
43, 0, 2
67, 11, 1
46, 3, 1
8, 1, 2
205, 8, 0
137, 4, 1
65, 7, 2
407, 18, 1
54, 3, 1
80, 2, 1
152, 7, 0
134, 11, 2
86, 7, 1
118, 7, 0
162, 6, 0
444, 10, 0
186, 8, 0
15, 3, 1
136, 3, 0
187, 1, 1
400, 8, 0
61, 0, 2
184, 19, 2
147, 2, 0
32, 2, 1
144, 2, 1
201, 3, 0
452, 1, 0
145, 1, 0
190, 1, 1
73, 3, 2
108, 4, 1
157, 13, 0
171, 4, 2
1, 2, 1
209, 14, 0
286, 9, 1
314, 17, 2
75, 5, 2
73, 8, 0
343, 16, 1
253, 18, 0
210, 10, 0
80, 7, 1
100, 11, 0
115, 13, 1
32, 15, 2
6, 11, 0
137, 7, 1
131, 4, 1
91, 1, 0
37, 15, 0
214, 5, 0
96, 0, 1
77, 2, 1
66, 3, 2
226, 8, 1
179, 1, 1
143, 16, 0
392, 4, 1
28, 1, 1
222, 12, 1
158, 11, 2
93, 7, 0
220, 16, 0
139, 9, 1
153, 9, 1
7, 6, 1
169, 16, 0
7, 8, 0
12, 11, 0
27, 8, 0
87, 11, 2
22, 0, 2
67, 0, 2
94, 8, 1
378, 8, 1
46, 5, 2
93, 3, 0
23, 12, 2
164, 3, 0
135, 0, 2
98, 9, 1
126, 9, 2
120, 12, 1
116, 13, 1
34, 11, 0
57, 18, 2
26, 18, 0


0, 6, 2
79, 0, 2
23, 7, 0
132, 1, 1
80, 18, 2
129, 3, 0
51, 12, 2
389, 5, 2
233, 18, 0
190, 2, 2
191, 4, 0
407, 10, 0
61, 7, 1
19, 9, 2
92, 7, 1
200, 8, 0
285, 13, 2
109, 14, 2
143, 19, 2
105, 9, 2
236, 9, 0
112, 6, 0
338, 16, 1
39, 10, 1
13, 6, 0
157, 14, 2
101, 10, 1
64, 17, 1
118, 5, 0
104, 3, 1
143, 12, 0
98, 6, 1
20, 4, 1
98, 0, 0
41, 0, 2
87, 8, 2
149, 1, 1
137, 1, 1
101, 5, 2
157, 0, 0
177, 13, 2
122, 8, 2
123, 2, 0
194, 17, 1
18, 5, 0
163, 6, 2
89, 1, 0
114, 5, 0
94, 8, 1
5, 10, 2
452, 2, 0
120, 1, 2
174, 7, 0
155, 2, 2
45, 12, 1
386, 11, 2
60, 9, 1
40, 7, 2
150, 7, 0
215, 4, 2
32, 12, 1
5, 1, 1
89, 3, 1
55, 5, 1
103, 2, 1
178, 2, 1
71, 3, 2
204, 11, 2
107, 6, 1
145, 4, 0
69, 8, 0
201, 2, 1
152, 9, 0
93, 15, 1
150, 12, 2
226, 8, 1
99, 6, 2
207, 9, 0
225, 4, 1
123, 3, 2
107, 0, 0
268, 5, 1
11, 7, 0
25, 6, 0
182, 9, 0
1, 2, 1
92, 0, 0
117, 3, 2
131, 5, 1
62, 2, 1
76, 3, 1
200, 5, 1
27, 1, 0
99, 1, 0
452, 11, 1
142, 14, 2
139, 7, 1
107, 15, 2
14, 10, 1
137, 9, 0


36, 7, 2
129, 15, 0
118, 2, 0
58, 15, 2
116, 7, 1
142, 4, 1
28, 9, 0
139, 5, 1
81, 13, 1
49, 3, 0
140, 0, 2
105, 14, 1
173, 1, 2
131, 3, 2
80, 14, 2
167, 13, 1
94, 2, 0
43, 3, 2
161, 5, 2
38, 6, 2
56, 4, 1
230, 4, 0
1, 7, 0
97, 11, 1
37, 4, 1
293, 14, 2
4, 7, 0
51, 11, 2
111, 2, 2
148, 6, 0
448, 8, 0
167, 4, 1
199, 2, 1
70, 4, 0
114, 2, 1
26, 7, 1
24, 12, 1
220, 3, 0
270, 5, 1
24, 3, 2
74, 5, 1
20, 8, 0
151, 7, 1
181, 9, 2
132, 6, 0
140, 18, 1
17, 11, 0
111, 5, 0
65, 7, 1
9, 15, 0
24, 17, 2
48, 0, 0
164, 17, 0
78, 7, 1
78, 13, 2
199, 6, 1
77, 18, 1
61, 10, 1
104, 9, 0
122, 0, 0
9, 7, 0
57, 2, 0
92, 7, 0
153, 17, 1
67, 4, 2
93, 5, 1
119, 6, 2
190, 3, 0
41, 7, 2
183, 5, 0
20, 5, 0
64, 9, 1
93, 13, 0
35, 12, 1
157, 6, 2
329, 10, 1
181, 0, 1
215, 6, 1
109, 7, 1
102, 15, 1
53, 5, 1
71, 3, 2
85, 6, 1
136, 2, 0
27, 1, 1
87, 6, 2
126, 3, 2
75, 3, 1
86, 8, 1
80, 2, 0
84, 3, 0
73, 10, 1
41, 11, 2
100, 4, 1
85, 4, 1
6, 3, 0
117, 14, 2
197, 7, 1
21, 18, 2
111, 8, 2


252, 13, 0
120, 2, 1
360, 14, 2
48, 13, 2
51, 6, 0
143, 6, 2
105, 7, 0
41, 6, 0
177, 11, 1
75, 1, 2
48, 3, 2
111, 2, 1
25, 2, 0
106, 4, 1
64, 0, 2
121, 16, 1
446, 10, 2
29, 6, 2
96, 8, 1
386, 17, 0
154, 0, 1
166, 9, 1
58, 3, 0
247, 2, 2
127, 12, 1
293, 14, 2
119, 13, 0
225, 8, 2
218, 6, 0
321, 16, 0
139, 8, 2
158, 5, 1
221, 4, 0
129, 11, 0
147, 2, 0
32, 2, 1
17, 5, 0
265, 14, 2
452, 1, 0
131, 1, 0
190, 1, 1
81, 4, 1
149, 5, 1
157, 13, 0
106, 0, 2
62, 2, 0
22, 9, 0
46, 5, 2
99, 4, 0
62, 10, 2
161, 11, 2
343, 16, 1
253, 18, 0
108, 5, 2
3, 13, 2
83, 7, 2
196, 5, 0
32, 15, 2
112, 5, 2
116, 1, 0
87, 4, 2
20, 2, 2
34, 10, 1
149, 9, 0
198, 4, 1
178, 3, 1
160, 10, 2
138, 17, 0
66, 5, 2
143, 16, 0
95, 9, 0
52, 1, 1
17, 8, 0
195, 10, 2
126, 9, 0
82, 12, 0
142, 8, 2
117, 9, 2
118, 11, 2
136, 9, 0
43, 1, 1
113, 4, 0
10, 5, 1
224, 4, 2
9, 8, 2
51, 0, 2
366, 5, 0
188, 3, 2
54, 0, 2
42, 10, 1
55, 9, 0
153, 16, 2
71, 5, 0
88, 8, 1
96, 10, 0
173, 2, 0
69, 7, 0
133, 6, 1
208, 8, 1
145, 15, 2


252, 13, 0
218, 1, 1
360, 14, 2
157, 18, 0
125, 10, 0
222, 14, 0
66, 9, 0
88, 19, 1
13, 10, 0
27, 2, 0
144, 3, 1
77, 3, 0
25, 2, 0
106, 4, 1
129, 1, 2
95, 16, 1
446, 10, 2
29, 6, 2
215, 7, 0
386, 17, 0
154, 0, 1
45, 11, 2
71, 4, 2
149, 7, 2
127, 12, 1
293, 14, 2
119, 13, 0
183, 5, 0
218, 6, 0
148, 16, 0
37, 3, 0
158, 5, 1
221, 4, 0
109, 7, 1
147, 2, 0
32, 2, 1
86, 5, 0
265, 14, 2
452, 1, 0
129, 0, 0
118, 7, 0
81, 4, 1
149, 5, 1
93, 9, 2
106, 0, 2
137, 2, 0
182, 15, 0
46, 5, 2
26, 7, 0
7, 16, 2
72, 7, 0
343, 16, 1
97, 2, 0
108, 5, 2
193, 8, 1
132, 12, 2
169, 8, 2
32, 15, 2
189, 5, 0
137, 7, 1
118, 1, 2
226, 2, 2
45, 4, 2
22, 13, 0
142, 0, 0
141, 10, 1
429, 11, 0
138, 17, 0
39, 1, 0
54, 12, 2
9, 6, 0
181, 3, 2
11, 0, 2
23, 4, 2
88, 8, 2
1, 5, 2
190, 0, 1
57, 3, 0
83, 4, 1
2, 0, 2
365, 0, 2
95, 2, 0
134, 8, 0
226, 5, 2
63, 5, 1
50, 4, 2
68, 4, 1
55, 3, 1
223, 8, 0
219, 14, 0
194, 4, 0
16, 6, 2
219, 5, 2
111, 6, 1
452, 11, 1
54, 0, 1
82, 6, 2
69, 0, 0
139, 13, 2
228, 5, 2


143, 3, 0
82, 0, 2
399, 1, 1
307, 0, 0
90, 6, 2
36, 14, 0
354, 2, 2
119, 4, 2
49, 7, 0
205, 0, 0
127, 8, 0
101, 1, 1
225, 4, 0
55, 3, 0
166, 4, 2
62, 9, 2
92, 8, 0
235, 13, 0
42, 9, 1
72, 11, 1
215, 10, 0
166, 9, 1
107, 6, 2
101, 11, 0
75, 11, 2
150, 5, 2
32, 16, 2
173, 11, 2
218, 6, 0
44, 10, 0
47, 14, 0
98, 6, 1
95, 7, 1
44, 7, 0
65, 3, 0
63, 14, 2
130, 0, 0
210, 0, 1
134, 6, 2
83, 6, 2
380, 19, 0
43, 1, 0
96, 7, 0
155, 4, 1
109, 8, 1
216, 7, 0
64, 1, 2
440, 11, 2
124, 6, 0
166, 10, 2
8, 3, 0
128, 5, 0
80, 4, 1
75, 8, 1
148, 13, 0
145, 4, 2
233, 18, 1
165, 3, 0
127, 4, 1
146, 2, 2
104, 6, 1
106, 16, 2
63, 11, 1
12, 12, 1
449, 3, 0
185, 12, 0
317, 8, 2
15, 4, 0
365, 12, 0
127, 3, 0
16, 9, 1
30, 3, 0
67, 0, 2
28, 10, 1
222, 10, 0
18, 14, 1
169, 15, 2
185, 1, 0
131, 18, 2
121, 12, 0
103, 5, 1
117, 3, 2
249, 13, 2
131, 14, 0
141, 6, 0
177, 3, 1
113, 4, 2
127, 1, 2
430, 17, 1
450, 2, 2
104, 10, 1
104, 14, 2
36, 17, 1
294, 5, 0
228, 14, 0
149, 10, 1
174, 9, 2
50, 17, 1
93, 17, 2
370, 10, 1


437, 7, 2
71, 2, 1
87, 4, 2
40, 13, 0
12, 16, 0
23, 11, 1
84, 6, 2
105, 4, 0
16, 12, 2
44, 11, 0
40, 4, 2
8, 12, 2
65, 6, 0
351, 19, 2
262, 15, 2
133, 10, 0
124, 9, 2
141, 8, 1
110, 4, 0
71, 12, 1
134, 3, 2
121, 12, 0
172, 5, 1
37, 13, 0
388, 11, 2
133, 14, 1
15, 8, 1
83, 1, 0
146, 5, 2
112, 3, 1
158, 11, 1
174, 13, 2
54, 0, 2
123, 3, 0
109, 7, 1
63, 14, 2
7, 11, 2
36, 5, 0
88, 4, 2
28, 1, 1
380, 19, 0
143, 6, 2
29, 2, 2
121, 8, 1
133, 0, 2
99, 10, 2
90, 9, 0
26, 4, 2
21, 8, 1
376, 8, 1
214, 9, 1
238, 6, 0
447, 5, 1
449, 12, 1
204, 15, 1
86, 10, 1
82, 6, 0
26, 13, 2
97, 13, 1
93, 1, 2
66, 2, 1
79, 6, 1
58, 0, 0
229, 11, 1
174, 9, 1
55, 3, 1
59, 7, 1
374, 3, 1
449, 16, 0
110, 2, 1
294, 8, 0
56, 9, 0
49, 10, 1
239, 18, 1
361, 6, 2
195, 4, 2
243, 2, 2
188, 10, 2
418, 0, 0
77, 9, 1
357, 3, 2
18, 2, 2
100, 8, 2
190, 16, 0
127, 11, 2
39, 2, 2
349, 13, 2
282, 8, 2
206, 6, 0
21, 6, 1
165, 14, 0
87, 5, 2
343, 6, 0
404, 7, 0
42, 14, 1
194, 0, 1
105, 0, 0
145, 8, 0
191, 8, 1
146, 0, 2


20, 15, 2
20, 6, 1
93, 15, 0
166, 6, 1
157, 6, 1
212, 8, 0
38, 15, 2
43, 7, 1
125, 19, 1
156, 11, 2
301, 9, 1
119, 1, 2
237, 1, 1
83, 11, 1
74, 8, 1
122, 5, 2
29, 3, 0
151, 8, 2
323, 5, 0
40, 7, 1
45, 14, 2
77, 3, 1
36, 3, 1
136, 16, 1
85, 10, 1
32, 5, 2
346, 5, 2
229, 16, 2
107, 4, 0
74, 6, 2
448, 8, 0
434, 3, 1
19, 2, 1
226, 4, 2
318, 2, 2
196, 5, 2
13, 3, 1
75, 5, 2
66, 11, 0
151, 1, 2
16, 0, 1
124, 6, 0
142, 3, 0
157, 13, 0
102, 8, 2
64, 7, 1
209, 14, 0
12, 3, 0
10, 8, 2
1, 9, 1
73, 8, 0
131, 15, 1
132, 4, 2
108, 5, 2
178, 1, 0
177, 8, 1
115, 13, 1
32, 15, 2
142, 14, 2
137, 7, 1
131, 4, 1
87, 2, 1
37, 15, 0
62, 18, 1
69, 1, 0
51, 5, 2
220, 6, 1
138, 17, 0
88, 10, 2
54, 12, 2
392, 4, 1
82, 1, 1
7, 14, 2
226, 5, 1
361, 6, 2
123, 12, 1
142, 5, 1
100, 9, 1
20, 18, 1
2, 0, 2
365, 0, 2
88, 3, 0
133, 14, 1
140, 14, 0
159, 10, 1
173, 3, 0
140, 1, 1
165, 0, 0
99, 2, 2
16, 5, 1
54, 8, 1
19, 6, 1
114, 2, 0
86, 0, 0
117, 11, 1
170, 14, 0
102, 5, 2
26, 13, 1
203, 0, 0
48, 7, 0


143, 3, 0
35, 2, 1
102, 3, 0
307, 0, 0
53, 8, 1
82, 17, 1
354, 2, 2
119, 4, 2
49, 7, 0
205, 0, 0
127, 8, 0
227, 4, 0
102, 1, 1
55, 3, 0
53, 1, 0
35, 8, 0
92, 8, 0
226, 10, 1
7, 18, 2
66, 0, 1
1, 13, 0
166, 9, 1
107, 6, 2
101, 11, 0
34, 12, 2
150, 5, 2
32, 16, 2
173, 11, 2
44, 6, 2
128, 10, 2
47, 14, 0
98, 6, 1
9, 1, 1
44, 7, 0
18, 2, 0
60, 4, 0
130, 0, 0
202, 2, 1
134, 6, 2
26, 2, 2
380, 19, 0
78, 3, 1
96, 7, 0
121, 8, 1
66, 7, 2
1, 6, 1
95, 10, 2
187, 0, 1
93, 6, 0
376, 8, 1
229, 13, 0
128, 5, 0
140, 7, 2
449, 12, 1
39, 1, 1
173, 3, 1
82, 6, 0
26, 13, 2
103, 7, 1
137, 7, 1
7, 5, 1
226, 2, 2
96, 0, 1
149, 12, 2
134, 1, 2
87, 2, 2
22, 13, 2
138, 17, 0
124, 8, 2
54, 12, 2
129, 4, 2
118, 4, 2
11, 0, 2
214, 2, 2
361, 6, 2
62, 10, 0
22, 3, 2
167, 11, 1
188, 14, 2
2, 0, 2
365, 0, 2
191, 3, 0
161, 1, 1
140, 14, 0
160, 6, 0
112, 9, 2
144, 0, 0
165, 0, 0
99, 2, 2
16, 5, 1
132, 12, 1
11, 5, 0
192, 5, 2
86, 0, 0
188, 6, 0
174, 7, 1
25, 3, 1
34, 11, 0
69, 0, 0
193, 6, 2


62, 6, 0
142, 17, 1
399, 1, 1
307, 0, 0
62, 14, 0
76, 10, 0
354, 2, 2
386, 8, 1
49, 7, 0
27, 3, 2
137, 14, 2
101, 1, 1
209, 9, 2
55, 3, 0
135, 4, 2
224, 7, 0
40, 5, 2
364, 8, 1
110, 16, 0
336, 4, 1
129, 5, 2
82, 5, 1
134, 11, 2
86, 7, 1
191, 8, 2
292, 6, 1
9, 9, 0
63, 12, 2
13, 4, 0
257, 2, 1
77, 3, 1
68, 6, 2
260, 15, 1
364, 4, 1
36, 8, 2
184, 2, 1
351, 11, 2
147, 1, 0
11, 8, 0
121, 6, 2
117, 12, 0
60, 6, 1
220, 0, 1
141, 6, 2
15, 5, 2
182, 5, 2
216, 6, 0
82, 10, 2
20, 5, 2
112, 6, 1
107, 8, 2
202, 5, 0
64, 0, 2
330, 4, 1
208, 9, 2
194, 5, 0
42, 14, 2
370, 15, 2
182, 3, 1
103, 2, 0
28, 2, 2
1, 10, 0
449, 11, 1
31, 17, 2
449, 3, 0
36, 3, 2
195, 6, 2
21, 8, 1
52, 4, 0
78, 2, 0
141, 11, 2
68, 0, 0
431, 17, 0
94, 5, 0
15, 9, 2
102, 9, 1
209, 2, 2
163, 8, 2
119, 3, 0
137, 3, 0
66, 10, 0
132, 4, 0
221, 17, 2
210, 9, 1
53, 10, 2
199, 8, 0
163, 10, 2
66, 7, 1
52, 9, 1
81, 1, 2
145, 1, 2
113, 15, 2
376, 19, 1
285, 15, 2
49, 8, 1
140, 6, 0
148, 8, 1
155, 6, 2
91, 8, 0
13, 5, 0


21, 8, 1
30, 5, 2
360, 14, 2
136, 17, 2
51, 6, 0
102, 5, 1
21, 6, 0
88, 19, 1
156, 7, 0
130, 2, 2
3, 4, 0
281, 19, 1
210, 17, 0
180, 7, 1
251, 6, 0
203, 2, 1
446, 10, 2
235, 13, 0
116, 6, 2
85, 9, 2
45, 4, 2
186, 1, 2
60, 2, 1
47, 15, 2
191, 5, 2
179, 3, 0
26, 6, 1
93, 14, 2
15, 4, 1
190, 7, 0
67, 5, 2
56, 12, 1
444, 6, 2
15, 6, 1
13, 8, 1
128, 4, 0
361, 11, 1
148, 7, 2
194, 8, 1
44, 1, 2
396, 16, 1
33, 18, 2
113, 13, 0
184, 5, 1
223, 2, 1
122, 9, 2
53, 4, 0
75, 5, 2
101, 5, 2
56, 14, 0
8, 7, 2
54, 2, 2
164, 17, 0
92, 9, 1
133, 8, 2
73, 6, 2
90, 11, 0
203, 18, 2
79, 0, 2
126, 6, 2
209, 9, 0
185, 3, 0
147, 11, 2
122, 13, 0
223, 4, 2
248, 2, 1
430, 1, 0
131, 13, 0
139, 14, 0
150, 14, 0
367, 9, 2
363, 2, 2
185, 10, 0
124, 18, 0
93, 3, 0
163, 5, 1
450, 3, 1
144, 4, 1
20, 11, 2
275, 15, 2
27, 6, 1
95, 12, 2
114, 5, 2
451, 2, 0
108, 16, 0
436, 4, 0
322, 9, 2
18, 1, 2
125, 9, 1
130, 16, 1
204, 2, 1
91, 7, 1
86, 4, 0
83, 3, 2
81, 5, 2
26, 8, 0
146, 8, 1
197, 7, 1
115, 9, 2
140, 5, 2


207, 5, 2
353, 14, 2
26, 4, 2
148, 3, 0
214, 10, 1
222, 14, 0
109, 13, 2
88, 19, 1
56, 7, 0
39, 3, 1
206, 3, 0
281, 19, 1
59, 6, 0
106, 4, 1
64, 0, 2
37, 14, 2
446, 10, 2
87, 8, 0
69, 16, 2
44, 5, 0
90, 4, 1
166, 9, 1
45, 9, 2
131, 5, 0
160, 12, 0
119, 9, 2
85, 3, 2
58, 19, 1
218, 6, 0
34, 11, 2
139, 8, 2
99, 5, 2
71, 3, 1
109, 7, 1
124, 2, 2
32, 2, 1
80, 1, 0
111, 0, 1
452, 1, 0
39, 5, 2
396, 16, 1
33, 18, 2
81, 2, 0
118, 9, 1
51, 7, 2
149, 7, 2
125, 7, 2
103, 10, 2
78, 2, 0
125, 8, 0
161, 6, 2
149, 0, 2
11, 4, 0
51, 5, 0
10, 13, 2
44, 8, 2
18, 8, 1
63, 15, 1
439, 5, 0
66, 3, 0
30, 12, 0
414, 2, 0
170, 4, 1
92, 16, 2
160, 0, 1
32, 11, 1
441, 6, 0
19, 1, 1
229, 7, 2
151, 1, 0
75, 7, 1
185, 7, 0
232, 7, 2
159, 5, 2
146, 6, 0
359, 10, 0
97, 0, 1
142, 10, 0
79, 12, 2
156, 5, 0
55, 13, 2
411, 14, 2
167, 13, 2
200, 11, 1
301, 14, 2
131, 0, 1
46, 0, 2
37, 3, 2
94, 10, 1
452, 16, 0
193, 10, 2
105, 3, 0
121, 6, 0
65, 6, 2
117, 7, 2
33, 7, 2
187, 0, 0
186, 5, 2
73, 13, 0
176, 8, 0


36, 7, 2
129, 15, 0
226, 5, 2
58, 15, 2
61, 17, 1
142, 4, 1
28, 9, 0
139, 5, 1
81, 13, 1
91, 4, 1
140, 0, 2
84, 11, 0
173, 1, 2
131, 3, 2
142, 10, 0
139, 11, 1
194, 6, 0
43, 3, 2
179, 9, 0
38, 6, 2
56, 4, 1
56, 3, 0
1, 7, 0
136, 16, 1
426, 9, 2
32, 5, 2
346, 5, 2
187, 9, 1
6, 3, 0
74, 6, 2
448, 8, 0
172, 8, 2
111, 1, 1
181, 2, 1
25, 6, 0
156, 7, 0
43, 11, 0
116, 4, 2
270, 5, 1
89, 3, 1
396, 16, 1
204, 9, 0
91, 16, 2
7, 2, 0
223, 2, 1
349, 14, 2
109, 8, 2
81, 5, 2
134, 7, 1
221, 16, 2
135, 9, 1
88, 5, 1
178, 0, 2
67, 14, 1
81, 6, 1
129, 9, 1
216, 9, 0
11, 4, 1
63, 5, 0
103, 4, 1
201, 4, 0
18, 4, 0
0, 3, 2
229, 11, 1
211, 9, 0
21, 3, 1
19, 8, 1
16, 12, 0
449, 16, 0
169, 1, 1
122, 9, 1
152, 1, 1
106, 10, 0
110, 1, 2
98, 1, 2
9, 2, 2
132, 0, 1
52, 5, 1
206, 5, 1
110, 9, 2
214, 5, 2
118, 12, 0
171, 9, 2
61, 8, 1
112, 15, 1
329, 10, 0
184, 0, 2
144, 7, 1
78, 7, 1
60, 2, 2
170, 5, 2
185, 7, 2
136, 5, 1
165, 4, 2
53, 11, 2
101, 9, 0
137, 10, 1
129, 6, 0
20, 9, 0
65, 7, 1


207, 5, 2
353, 14, 2
26, 4, 2
148, 3, 0
186, 8, 1
166, 0, 1
109, 13, 2
88, 19, 1
56, 7, 0
90, 2, 0
206, 3, 0
281, 19, 1
59, 6, 0
106, 4, 1
64, 0, 2
133, 10, 0
114, 10, 0
141, 8, 1
34, 2, 0
71, 12, 1
134, 3, 2
121, 12, 0
172, 5, 1
37, 13, 0
16, 4, 0
133, 14, 1
15, 8, 1
83, 1, 0
146, 5, 2
112, 3, 1
158, 11, 1
174, 13, 2
54, 0, 2
123, 3, 0
109, 7, 1
63, 14, 2
7, 6, 2
36, 5, 0
120, 2, 1
28, 1, 1
380, 19, 0
143, 6, 2
74, 4, 2
121, 8, 1
133, 0, 2
99, 10, 2
90, 9, 0
163, 2, 1
21, 8, 1
55, 12, 0
67, 11, 2
238, 6, 0
98, 8, 0
449, 12, 1
204, 15, 1
86, 10, 1
209, 8, 0
26, 13, 2
97, 13, 1
93, 1, 2
66, 2, 1
79, 6, 1
58, 0, 0
229, 11, 1
174, 9, 1
214, 2, 1
86, 4, 2
374, 3, 1
449, 16, 0
110, 2, 1
294, 8, 0
56, 9, 0
49, 10, 1
239, 18, 1
0, 3, 2
195, 4, 2
243, 2, 2
188, 10, 2
418, 0, 0
77, 9, 1
357, 3, 2
18, 2, 2
100, 8, 2
190, 16, 0
127, 11, 2
144, 3, 1
349, 13, 2
282, 8, 2
27, 4, 1
21, 6, 1
165, 14, 0
145, 7, 0
98, 2, 2
404, 7, 0
42, 14, 1
194, 0, 1
146, 0, 2
160, 7, 1
191, 8, 1
21, 0, 2


252, 13, 0
218, 1, 1
219, 8, 2
157, 18, 0
86, 13, 0
6, 3, 2
66, 9, 0
198, 2, 0
43, 12, 2
6, 0, 0
144, 3, 1
7, 3, 2
25, 2, 0
106, 4, 1
129, 1, 2
95, 16, 1
446, 10, 2
29, 6, 2
96, 8, 1
386, 17, 0
185, 9, 0
166, 9, 1
71, 4, 2
149, 7, 2
127, 12, 1
293, 14, 2
119, 13, 0
183, 5, 0
218, 6, 0
321, 16, 0
37, 3, 0
158, 5, 1
221, 4, 0
109, 7, 1
122, 1, 1
61, 4, 1
46, 2, 0
265, 14, 2
452, 1, 0
107, 3, 0
118, 7, 0
81, 4, 1
149, 5, 1
157, 13, 0
106, 0, 2
137, 2, 0
209, 14, 0
40, 4, 2
85, 6, 2
7, 16, 2
130, 0, 0
343, 16, 1
97, 2, 0
108, 5, 2
193, 8, 1
145, 10, 0
169, 8, 2
32, 15, 2
103, 7, 1
49, 3, 1
90, 8, 2
226, 2, 2
96, 0, 1
22, 13, 0
35, 2, 1
142, 7, 0
104, 9, 1
138, 17, 0
39, 1, 0
134, 8, 1
392, 4, 1
144, 4, 2
11, 0, 2
6, 9, 1
361, 6, 2
1, 5, 2
22, 3, 2
114, 6, 2
136, 7, 1
123, 3, 2
52, 2, 0
268, 5, 1
35, 11, 2
72, 7, 1
142, 12, 1
130, 2, 2
225, 0, 2
117, 3, 2
193, 5, 2
42, 10, 1
56, 7, 0
200, 5, 1
11, 1, 0
162, 0, 0
452, 11, 1
89, 1, 1
48, 1, 2
31, 11, 0
14, 10, 1
86, 11, 0


20, 15, 2
77, 9, 0
120, 10, 0
166, 6, 1
157, 6, 1
212, 8, 0
144, 2, 0
151, 4, 0
125, 19, 1
156, 11, 2
301, 9, 1
119, 1, 2
237, 1, 1
79, 4, 2
74, 8, 1
141, 11, 1
53, 3, 0
13, 2, 0
323, 5, 0
40, 7, 1
262, 17, 0
103, 6, 2
208, 14, 1
17, 6, 0
130, 11, 1
9, 2, 1
63, 5, 1
19, 9, 1
0, 9, 2
397, 9, 1
215, 5, 2
161, 2, 0
101, 8, 2
17, 14, 0
313, 8, 2
52, 6, 2
232, 11, 1
87, 5, 2
105, 16, 0
365, 0, 2
81, 16, 1
15, 2, 0
33, 4, 1
115, 3, 0
252, 8, 1
36, 18, 1
176, 1, 2
57, 14, 0
346, 3, 0
5, 10, 2
452, 2, 0
25, 5, 0
282, 15, 0
76, 5, 0
120, 5, 0
117, 5, 2
336, 6, 0
26, 6, 2
121, 2, 1
22, 3, 1
131, 4, 1
103, 1, 1
125, 11, 1
50, 17, 2
153, 7, 1
117, 12, 1
86, 5, 0
381, 16, 2
48, 8, 0
127, 2, 1
392, 4, 1
8, 15, 0
57, 11, 1
201, 3, 1
191, 13, 2
67, 4, 2
4, 2, 0
424, 7, 0
178, 8, 2
78, 14, 0
147, 6, 1
37, 5, 0
205, 8, 2
91, 6, 1
329, 12, 2
75, 3, 0
3, 0, 2
0, 5, 0
173, 7, 2
2, 2, 2
164, 3, 2
211, 4, 1
108, 7, 0
65, 2, 1
224, 15, 0
110, 7, 2
142, 6, 1
4, 9, 2
203, 9, 1
43, 14, 0


437, 7, 2
71, 2, 1
101, 4, 1
75, 13, 0
12, 16, 0
126, 7, 0
177, 4, 2
105, 4, 0
16, 12, 2
44, 11, 0
40, 4, 2
188, 0, 2
65, 6, 0
351, 19, 2
106, 8, 0
204, 10, 2
124, 9, 2
141, 8, 1
110, 4, 0
71, 12, 1
122, 5, 2
80, 16, 2
63, 9, 0
37, 13, 0
388, 11, 2
133, 14, 1
15, 8, 1
83, 1, 0
146, 5, 2
112, 3, 1
158, 11, 1
174, 13, 2
54, 0, 2
156, 3, 0
109, 7, 1
63, 14, 2
7, 11, 2
36, 5, 0
47, 0, 1
28, 1, 1
17, 2, 1
143, 6, 2
36, 2, 1
121, 8, 1
115, 2, 1
99, 10, 2
144, 16, 0
26, 4, 2
21, 8, 1
376, 8, 1
214, 9, 1
24, 9, 1
447, 5, 1
449, 12, 1
204, 15, 1
47, 12, 1
82, 6, 0
26, 13, 2
97, 13, 1
93, 1, 2
32, 12, 1
5, 1, 1
128, 2, 0
219, 10, 0
103, 2, 1
178, 2, 1
19, 6, 1
129, 8, 2
127, 1, 1
145, 4, 0
69, 8, 0
132, 4, 1
150, 4, 1
114, 13, 1
48, 6, 0
144, 4, 2
142, 2, 0
61, 3, 0
225, 4, 1
3, 4, 1
107, 0, 0
42, 7, 0
137, 0, 0
230, 7, 0
182, 9, 0
58, 4, 2
14, 0, 1
187, 4, 2
193, 5, 2
42, 10, 1
76, 3, 1
200, 5, 1
101, 0, 2
99, 1, 0
452, 11, 1
142, 14, 2
96, 4, 2
172, 15, 0
92, 11, 1
56, 12, 0


252, 13, 0
108, 5, 2
360, 14, 2
131, 10, 0
51, 6, 0
35, 9, 1
109, 5, 2
88, 19, 1
21, 6, 1
75, 1, 2
144, 3, 1
281, 19, 1
102, 17, 2
193, 6, 0
68, 5, 1
121, 16, 1
446, 10, 2
109, 3, 1
79, 19, 2
133, 5, 1
215, 10, 0
66, 10, 0
17, 8, 2
7, 16, 2
160, 12, 0
293, 14, 2
4, 7, 0
173, 11, 2
162, 3, 2
148, 6, 0
448, 8, 0
34, 9, 1
32, 1, 2
70, 4, 0
35, 4, 0
26, 7, 1
24, 12, 1
220, 3, 0
270, 5, 1
18, 3, 1
74, 5, 1
221, 7, 1
151, 7, 1
181, 9, 2
132, 6, 0
140, 18, 1
120, 8, 2
27, 3, 1
65, 7, 1
9, 15, 0
24, 17, 2
8, 1, 1
164, 17, 0
20, 4, 1
78, 13, 2
2, 10, 1
88, 11, 1
19, 3, 1
104, 9, 0
122, 0, 0
9, 7, 0
227, 4, 0
92, 7, 0
153, 17, 1
67, 4, 2
93, 5, 1
119, 6, 2
190, 3, 0
41, 7, 2
183, 5, 0
224, 7, 1
47, 3, 1
93, 13, 0
90, 7, 0
49, 15, 0
329, 10, 1
181, 0, 1
215, 6, 1
20, 11, 2
102, 15, 1
53, 5, 1
71, 3, 2
82, 13, 0
136, 2, 0
108, 16, 0
87, 6, 2
322, 9, 2
34, 1, 2
86, 8, 1
80, 2, 0
204, 2, 1
73, 10, 1
41, 11, 2
100, 4, 1
200, 4, 0
6, 3, 0
117, 14, 2
197, 7, 1
21, 18, 2
59, 4, 1


36, 7, 2
129, 15, 0
226, 5, 2
135, 11, 2
61, 17, 1
125, 13, 1
90, 2, 0
82, 4, 2
81, 13, 1
91, 4, 1
140, 0, 2
67, 13, 0
173, 1, 2
131, 3, 2
115, 2, 2
139, 11, 1
7, 11, 0
142, 3, 0
179, 9, 0
1, 6, 1
56, 4, 1
78, 4, 2
62, 12, 2
86, 12, 1
17, 11, 0
62, 2, 0
122, 7, 2
205, 14, 1
95, 4, 0
121, 1, 2
120, 4, 1
99, 5, 0
168, 1, 0
88, 0, 2
41, 0, 2
87, 8, 2
18, 1, 0
98, 4, 2
173, 4, 0
29, 8, 1
42, 6, 2
22, 5, 0
137, 7, 0
180, 7, 2
102, 7, 0
109, 12, 0
128, 8, 1
194, 13, 1
7, 5, 2
119, 12, 2
452, 2, 0
68, 15, 1
174, 7, 0
155, 2, 2
45, 12, 1
386, 11, 2
37, 9, 0
340, 13, 0
22, 9, 2
30, 2, 0
32, 12, 1
95, 1, 0
41, 2, 0
116, 10, 0
151, 8, 1
178, 2, 1
71, 3, 2
51, 5, 0
5, 16, 0
63, 2, 2
211, 5, 2
76, 4, 2
167, 6, 1
93, 15, 1
106, 8, 1
0, 5, 2
112, 11, 1
106, 10, 1
200, 12, 1
1, 4, 2
4, 1, 1
46, 4, 2
143, 7, 0
30, 7, 0
156, 8, 1
106, 1, 2
40, 12, 0
205, 3, 0
260, 13, 2
96, 8, 1
190, 10, 0
158, 12, 0
71, 5, 2
116, 3, 2
185, 12, 2
189, 0, 1
84, 14, 0
8, 11, 1
165, 13, 2
22, 6, 0


252, 13, 0
108, 5, 2
360, 14, 2
22, 13, 2
51, 6, 0
222, 14, 0
109, 5, 2
88, 19, 1
21, 6, 1
75, 1, 2
144, 3, 1
281, 19, 1
59, 6, 0
193, 6, 0
4, 4, 0
121, 16, 1
446, 10, 2
109, 3, 1
79, 19, 2
133, 5, 1
215, 10, 0
66, 10, 0
17, 8, 2
7, 16, 2
160, 12, 0
293, 14, 2
4, 7, 0
173, 11, 2
107, 4, 0
148, 6, 0
448, 8, 0
34, 9, 1
32, 1, 2
70, 4, 0
35, 4, 0
26, 7, 1
361, 11, 1
220, 3, 0
270, 5, 1
311, 15, 2
74, 5, 1
130, 6, 2
91, 16, 2
175, 7, 1
12, 8, 1
140, 18, 1
120, 8, 2
27, 3, 1
65, 7, 1
221, 16, 2
24, 17, 2
8, 1, 1
164, 17, 0
20, 4, 1
78, 13, 2
2, 10, 1
88, 11, 1
19, 3, 1
421, 13, 0
35, 2, 0
87, 3, 1
227, 4, 0
92, 7, 0
153, 17, 1
57, 2, 0
93, 5, 1
210, 3, 1
190, 3, 0
185, 6, 2
183, 5, 0
224, 7, 1
103, 7, 2
93, 13, 0
135, 4, 1
49, 15, 0
329, 10, 1
181, 0, 1
215, 6, 1
47, 5, 2
101, 1, 2
98, 9, 2
127, 6, 2
204, 3, 1
130, 9, 2
227, 6, 2
177, 5, 2
349, 13, 2
282, 8, 2
43, 1, 0
145, 7, 0
22, 10, 1
153, 11, 2
66, 6, 0
404, 7, 0
185, 12, 2
99, 6, 1
84, 14, 0
8, 11, 1
165, 13, 2
23, 11, 2


36, 7, 2
50, 3, 1
226, 5, 2
135, 11, 2
147, 9, 2
90, 3, 1
28, 9, 0
62, 6, 1
81, 13, 1
91, 4, 1
140, 0, 2
67, 13, 0
173, 1, 2
131, 3, 2
142, 10, 0
139, 11, 1
194, 6, 0
43, 3, 2
179, 9, 0
1, 6, 1
56, 4, 1
8, 7, 2
107, 13, 0
100, 15, 0
193, 2, 2
148, 0, 2
194, 1, 0
203, 15, 2
302, 12, 0
6, 0, 0
78, 5, 2
72, 4, 2
107, 0, 0
141, 1, 1
34, 18, 2
63, 5, 1
31, 6, 0
79, 10, 1
387, 9, 0
119, 8, 0
6, 5, 0
443, 18, 1
111, 1, 2
98, 7, 1
120, 3, 1
271, 17, 1
68, 7, 2
100, 0, 0
43, 15, 2
183, 16, 0
162, 11, 2
343, 16, 1
253, 18, 0
66, 9, 0
147, 14, 0
113, 10, 1
30, 4, 2
222, 8, 2
108, 3, 0
111, 6, 2
188, 2, 1
221, 2, 2
49, 7, 2
37, 7, 2
106, 4, 1
95, 4, 0
429, 11, 0
138, 17, 0
88, 10, 2
143, 16, 0
14, 8, 1
28, 3, 1
82, 9, 0
191, 8, 0
13, 14, 1
226, 8, 1
181, 0, 1
55, 18, 2
169, 11, 0
88, 1, 2
114, 1, 1
48, 0, 0
84, 9, 0
161, 2, 0
116, 12, 1
1, 2, 1
144, 2, 2
205, 3, 0
186, 6, 1
42, 10, 1
73, 11, 2
200, 5, 1
27, 1, 0
99, 1, 0
452, 11, 1
18, 0, 0
134, 1, 0
118, 6, 2
223, 6, 2
80, 1, 2


143, 3, 0
35, 2, 1
51, 3, 2
307, 0, 0
53, 8, 1
2, 16, 1
354, 2, 2
119, 4, 2
49, 7, 0
205, 0, 0
127, 8, 0
227, 4, 0
102, 1, 1
55, 3, 0
53, 1, 0
35, 8, 0
92, 8, 0
226, 10, 1
7, 18, 2
14, 12, 1
1, 13, 0
166, 9, 1
107, 6, 2
101, 11, 0
34, 12, 2
150, 5, 2
32, 16, 2
173, 11, 2
218, 6, 0
128, 10, 2
47, 14, 0
98, 6, 1
95, 7, 1
44, 7, 0
18, 2, 0
60, 4, 0
130, 0, 0
202, 2, 1
134, 6, 2
223, 2, 2
380, 19, 0
78, 3, 1
96, 7, 0
121, 8, 1
66, 7, 2
216, 7, 0
95, 10, 2
187, 0, 1
93, 6, 0
376, 8, 1
229, 13, 0
128, 5, 0
140, 7, 2
449, 12, 1
39, 1, 1
173, 3, 1
82, 6, 0
26, 13, 2
46, 4, 2
93, 1, 2
139, 4, 0
74, 1, 0
132, 16, 2
161, 14, 1
156, 2, 2
66, 2, 2
88, 8, 2
138, 17, 0
28, 4, 2
143, 16, 0
97, 3, 1
17, 3, 2
61, 18, 0
195, 10, 2
82, 11, 1
175, 18, 1
151, 9, 1
18, 4, 0
51, 9, 0
275, 15, 2
210, 0, 1
124, 8, 1
41, 10, 2
23, 7, 1
182, 9, 0
1, 2, 1
366, 5, 0
188, 3, 2
40, 13, 2
38, 11, 1
187, 5, 1
180, 5, 2
79, 4, 1
93, 4, 1
224, 15, 0
126, 4, 2
150, 2, 2
103, 8, 2
216, 13, 1
145, 15, 2


70, 12, 2
111, 18, 0
360, 14, 2
116, 10, 0
62, 4, 2
51, 8, 2
109, 10, 0
87, 11, 1
137, 6, 0
101, 0, 1
144, 16, 1
27, 12, 1
314, 8, 0
408, 3, 0
30, 1, 2
224, 11, 1
163, 8, 1
83, 9, 0
76, 16, 0
146, 12, 1
387, 5, 0
91, 1, 2
337, 11, 1
6, 9, 2
19, 8, 1
148, 0, 2
92, 4, 2
49, 17, 0
302, 12, 0
156, 11, 1
177, 2, 0
180, 5, 1
53, 5, 0
47, 8, 0
185, 6, 0
112, 7, 1
142, 0, 0
7, 11, 1
68, 16, 2
122, 6, 2
145, 8, 1
41, 4, 2
270, 13, 2
384, 8, 2
101, 16, 1
48, 2, 0
76, 7, 2
191, 3, 2
116, 12, 1
145, 3, 2
51, 16, 2
291, 18, 0
330, 4, 1
73, 1, 1
205, 13, 0
78, 4, 0
115, 5, 0
340, 13, 0
138, 12, 1
439, 10, 2
20, 11, 2
10, 0, 1
136, 4, 2
106, 12, 2
165, 2, 0
341, 13, 2
72, 6, 0
45, 10, 1
207, 3, 0
163, 12, 0
133, 8, 1
3, 6, 1
176, 7, 0
56, 10, 1
87, 7, 1
213, 6, 1
4, 2, 0
17, 13, 0
38, 13, 2
9, 2, 0
187, 1, 2
8, 8, 2
126, 9, 2
38, 5, 2
63, 5, 1
50, 4, 2
68, 4, 1
55, 3, 1
223, 8, 0
219, 14, 0
194, 4, 0
16, 6, 2
36, 3, 1
73, 4, 0
452, 11, 1
54, 0, 1
82, 6, 2
69, 0, 0
26, 5, 0
209, 14, 2


20, 15, 2
20, 6, 1
169, 3, 0
166, 6, 1
157, 6, 1
6, 4, 0
133, 7, 1
43, 7, 1
125, 19, 1
156, 11, 2
301, 9, 1
119, 1, 2
237, 1, 1
83, 11, 1
74, 8, 1
147, 15, 1
29, 3, 0
192, 0, 0
323, 5, 0
40, 7, 1
56, 13, 0
77, 3, 1
110, 4, 2
136, 16, 1
85, 10, 1
32, 5, 2
346, 5, 2
227, 2, 2
107, 4, 0
74, 6, 2
448, 8, 0
108, 7, 0
122, 3, 1
226, 4, 2
318, 2, 2
196, 5, 2
122, 4, 0
75, 5, 2
66, 11, 0
431, 14, 0
148, 7, 1
197, 12, 1
104, 1, 1
101, 12, 0
114, 1, 2
164, 0, 2
81, 3, 2
7, 8, 0
45, 1, 0
11, 13, 2
115, 10, 1
291, 18, 0
128, 4, 2
81, 12, 1
145, 8, 2
162, 5, 2
189, 9, 0
37, 3, 0
175, 8, 2
36, 7, 2
32, 12, 1
65, 3, 2
178, 3, 1
124, 9, 2
186, 6, 0
200, 4, 1
96, 1, 0
206, 4, 0
105, 13, 0
101, 2, 2
100, 7, 0
124, 15, 2
52, 12, 1
56, 10, 1
84, 11, 1
201, 5, 1
4, 2, 0
128, 12, 1
46, 17, 2
9, 2, 0
57, 2, 0
202, 7, 2
92, 10, 2
139, 5, 1
63, 5, 1
50, 4, 2
68, 4, 1
55, 3, 1
98, 13, 1
219, 14, 0
87, 5, 0
116, 9, 1
146, 4, 1
0, 5, 2
202, 15, 0
165, 7, 0
82, 6, 2
102, 4, 1
209, 13, 2
209, 12, 2


36, 7, 2
129, 15, 0
131, 11, 0
39, 14, 0
183, 13, 0
115, 5, 1
79, 9, 1
64, 1, 0
134, 15, 1
76, 13, 1
140, 0, 2
43, 0, 2
8, 10, 1
77, 0, 0
437, 3, 0
47, 9, 2
105, 0, 1
364, 8, 1
407, 18, 1
336, 4, 1
80, 2, 1
152, 7, 0
134, 11, 2
86, 7, 1
404, 11, 1
292, 6, 1
444, 10, 0
242, 14, 1
15, 3, 1
23, 8, 2
187, 1, 1
400, 8, 0
159, 8, 0
35, 0, 0
332, 15, 2
345, 5, 2
15, 19, 2
141, 9, 1
387, 9, 0
7, 8, 1
125, 11, 2
102, 15, 2
51, 15, 0
105, 10, 0
377, 2, 2
271, 17, 1
53, 4, 0
140, 5, 1
21, 11, 2
18, 1, 0
169, 1, 0
444, 5, 0
26, 1, 2
28, 6, 0
451, 7, 1
64, 7, 1
193, 10, 2
212, 16, 2
58, 5, 2
152, 13, 1
136, 9, 1
36, 10, 1
18, 11, 0
118, 2, 0
64, 10, 0
25, 4, 1
91, 3, 2
128, 4, 1
32, 1, 1
64, 12, 1
192, 3, 1
55, 1, 1
93, 4, 1
75, 7, 0
108, 3, 2
63, 6, 2
119, 1, 2
149, 9, 1
208, 0, 0
194, 15, 0
92, 4, 1
82, 10, 0
10, 6, 1
99, 4, 2
3, 11, 2
11, 4, 2
123, 1, 0
2, 1, 2
57, 9, 1
87, 1, 2
206, 5, 0
164, 9, 0
134, 4, 2
242, 16, 2
29, 18, 1
278, 4, 2
70, 2, 1
174, 6, 0
149, 12, 1
11, 3, 1


18, 5, 0
129, 15, 0
226, 6, 2
39, 14, 0
183, 13, 0
115, 5, 1
79, 9, 1
64, 1, 0
134, 15, 1
76, 13, 1
140, 0, 2
43, 0, 2
8, 10, 1
77, 0, 0
8, 1, 2
47, 9, 2
84, 4, 2
364, 8, 1
407, 18, 1
336, 4, 1
80, 2, 1
152, 7, 0
134, 11, 2
86, 7, 1
118, 7, 0
292, 6, 1
444, 10, 0
242, 14, 1
15, 3, 1
31, 8, 1
187, 1, 1
400, 8, 0
159, 8, 0
35, 0, 0
332, 15, 2
345, 5, 2
5, 2, 2
141, 9, 1
40, 9, 2
7, 8, 1
24, 5, 1
123, 13, 2
143, 13, 0
215, 3, 1
216, 3, 1
100, 10, 1
53, 4, 0
140, 5, 1
21, 11, 2
18, 1, 0
169, 1, 0
444, 5, 0
26, 1, 2
28, 6, 0
451, 7, 1
64, 7, 1
193, 10, 2
212, 16, 2
58, 1, 2
152, 13, 1
121, 11, 1
36, 10, 1
18, 11, 0
118, 2, 0
64, 10, 0
25, 4, 1
91, 3, 2
128, 4, 1
32, 1, 1
64, 12, 1
97, 4, 1
55, 1, 1
159, 0, 2
75, 7, 0
108, 3, 2
98, 10, 2
2, 6, 0
149, 9, 1
208, 0, 0
194, 15, 0
92, 4, 1
82, 10, 0
10, 6, 1
132, 7, 0
3, 11, 2
11, 4, 2
0, 3, 1
2, 1, 2
57, 9, 1
68, 0, 2
190, 4, 0
164, 9, 0
124, 1, 2
154, 12, 2
29, 18, 1
278, 4, 2
74, 6, 1
82, 7, 2
115, 8, 1
56, 12, 0


16, 4, 1
52, 7, 0
212, 5, 1
192, 14, 0
45, 3, 2
42, 0, 1
175, 6, 1
93, 0, 0
32, 1, 2
189, 5, 2
40, 3, 0
53, 3, 0
121, 3, 2
100, 7, 2
42, 7, 1
170, 9, 0
132, 9, 2
114, 2, 1
165, 14, 2
132, 1, 2
38, 14, 0
150, 10, 0
1, 7, 0
208, 18, 1
150, 7, 0
44, 9, 2
10, 8, 1
20, 18, 0
76, 2, 2
48, 0, 0
448, 8, 0
159, 8, 1
142, 2, 1
61, 7, 2
29, 6, 1
124, 7, 1
67, 5, 2
31, 15, 1
55, 5, 2
95, 10, 1
36, 2, 1
33, 18, 2
81, 2, 0
163, 1, 0
41, 9, 2
137, 2, 0
205, 3, 2
103, 10, 2
36, 7, 1
117, 2, 0
156, 3, 1
23, 4, 1
99, 5, 2
41, 3, 1
3, 5, 0
74, 5, 1
18, 8, 1
203, 18, 2
224, 3, 2
97, 0, 2
66, 0, 2
186, 3, 0
219, 1, 0
169, 17, 2
200, 1, 2
31, 2, 0
127, 4, 1
374, 3, 1
177, 4, 0
158, 1, 2
4, 3, 2
97, 2, 1
5, 6, 0
152, 11, 1
147, 0, 2
111, 9, 0
46, 6, 2
227, 9, 2
418, 0, 0
65, 3, 2
187, 0, 2
172, 10, 1
205, 8, 2
198, 8, 1
329, 12, 2
134, 0, 2
349, 13, 2
282, 8, 2
96, 6, 0
107, 7, 2
136, 6, 1
60, 9, 0
98, 3, 2
143, 6, 0
179, 12, 2
134, 4, 1
88, 8, 1
94, 7, 2
60, 12, 1
22, 6, 0


217, 6, 2
10, 14, 2
137, 11, 1
131, 0, 0
109, 10, 1
96, 7, 0
21, 3, 2
76, 4, 2
382, 12, 1
138, 7, 2
122, 2, 2
114, 7, 1
56, 8, 2
120, 11, 0
110, 6, 2
223, 13, 0
18, 5, 1
44, 4, 2
116, 6, 2
85, 9, 2
45, 4, 2
214, 7, 0
10, 2, 1
421, 8, 1
99, 9, 0
179, 3, 0
26, 6, 1
37, 12, 1
72, 2, 1
9, 5, 1
67, 5, 2
125, 4, 2
444, 6, 2
313, 6, 2
147, 2, 0
32, 2, 1
75, 4, 1
133, 12, 2
452, 1, 0
46, 0, 0
112, 1, 2
168, 11, 2
70, 3, 2
114, 3, 0
144, 2, 0
100, 1, 2
143, 5, 2
46, 5, 2
16, 0, 1
7, 16, 2
161, 11, 2
343, 16, 1
22, 0, 2
195, 7, 2
193, 8, 1
153, 6, 0
169, 8, 2
32, 15, 2
103, 7, 1
137, 7, 1
90, 8, 2
226, 2, 2
96, 0, 1
22, 13, 0
307, 0, 1
142, 7, 0
429, 11, 0
138, 17, 0
39, 1, 0
54, 12, 2
392, 4, 1
191, 1, 0
158, 3, 0
6, 9, 1
361, 6, 2
15, 16, 0
47, 5, 2
185, 7, 2
87, 4, 2
208, 3, 1
365, 0, 2
206, 1, 1
227, 3, 0
140, 14, 0
160, 6, 0
173, 3, 0
160, 0, 2
165, 0, 0
88, 2, 0
106, 2, 2
52, 5, 0
27, 12, 2
84, 5, 0
137, 4, 0
79, 10, 0
170, 14, 0
102, 5, 2
136, 16, 0
109, 14, 1
20, 10, 0


14, 6, 2
129, 10, 2
68, 5, 0
145, 9, 0
45, 3, 2
25, 7, 1
175, 6, 1
389, 5, 2
147, 5, 1
27, 2, 0
216, 0, 1
126, 6, 0
121, 3, 2
100, 7, 2
54, 19, 1
217, 5, 1
132, 9, 2
114, 2, 1
31, 9, 0
132, 1, 2
89, 9, 2
325, 5, 0
1, 7, 0
136, 16, 1
195, 5, 2
32, 5, 2
346, 5, 2
69, 11, 0
60, 2, 1
74, 6, 2
448, 8, 0
97, 8, 2
125, 0, 0
226, 4, 2
318, 2, 2
84, 9, 2
109, 9, 0
120, 9, 0
270, 5, 1
89, 3, 1
36, 1, 2
33, 18, 2
106, 0, 1
7, 2, 0
223, 2, 1
177, 1, 2
109, 8, 2
34, 9, 1
190, 14, 1
221, 16, 2
8, 7, 2
3, 12, 2
42, 4, 0
8, 17, 0
165, 6, 1
49, 11, 0
192, 10, 2
203, 18, 2
61, 7, 2
163, 1, 0
87, 3, 1
109, 2, 1
92, 7, 0
223, 16, 2
212, 10, 1
202, 9, 1
53, 4, 2
374, 3, 1
38, 7, 1
221, 4, 0
65, 4, 1
97, 2, 1
150, 18, 1
45, 14, 1
1, 0, 2
94, 6, 2
75, 1, 1
143, 1, 0
156, 14, 2
219, 2, 0
185, 11, 1
12, 11, 0
38, 11, 1
275, 8, 1
22, 0, 2
63, 4, 0
250, 19, 0
378, 8, 1
43, 1, 2
104, 2, 1
180, 11, 2
57, 7, 0
169, 4, 2
101, 2, 1
49, 3, 0
70, 10, 1
116, 13, 1
34, 11, 0
97, 9, 0
26, 18, 0


73, 19, 1
97, 5, 0
360, 14, 2
48, 13, 2
51, 6, 0
143, 6, 2
111, 9, 1
41, 6, 0
177, 11, 1
75, 1, 2
48, 3, 2
45, 2, 0
25, 2, 0
106, 4, 1
64, 0, 2
121, 16, 1
446, 10, 2
29, 6, 2
96, 8, 1
386, 17, 0
83, 4, 0
67, 6, 0
62, 12, 2
409, 15, 2
388, 11, 2
133, 14, 1
161, 5, 2
11, 11, 0
136, 3, 2
71, 6, 1
16, 5, 0
24, 14, 1
54, 0, 2
170, 1, 1
109, 7, 1
63, 14, 2
387, 9, 1
36, 5, 0
61, 5, 1
28, 1, 1
380, 19, 0
6, 5, 2
139, 7, 0
121, 8, 1
133, 0, 2
89, 7, 0
90, 9, 0
40, 2, 2
88, 0, 0
376, 8, 1
51, 11, 2
238, 6, 0
114, 4, 0
449, 12, 1
204, 15, 1
86, 10, 1
161, 11, 2
26, 13, 2
97, 13, 1
93, 1, 2
52, 4, 0
8, 0, 1
58, 0, 0
220, 14, 1
174, 9, 1
55, 3, 1
137, 5, 0
374, 3, 1
449, 16, 0
9, 3, 2
294, 8, 0
56, 9, 0
193, 2, 2
239, 18, 1
361, 6, 2
195, 4, 2
243, 2, 2
188, 10, 2
81, 6, 1
77, 9, 1
357, 3, 2
18, 2, 2
53, 2, 0
190, 16, 0
127, 11, 2
30, 8, 0
349, 13, 2
282, 8, 2
125, 7, 1
176, 0, 2
37, 3, 1
156, 2, 0
361, 19, 0
205, 5, 0
77, 10, 1
101, 17, 2
143, 1, 2
381, 10, 2
299, 13, 2
42, 15, 2


36, 7, 2
129, 15, 0
131, 11, 0
39, 14, 0
183, 13, 0
115, 5, 1
79, 9, 1
64, 1, 0
134, 15, 1
76, 13, 1
140, 0, 2
67, 13, 0
65, 6, 0
223, 5, 0
32, 13, 0
133, 10, 0
124, 9, 2
144, 0, 0
100, 5, 1
22, 7, 0
59, 6, 1
154, 2, 0
62, 12, 2
409, 15, 2
48, 7, 0
133, 14, 1
145, 4, 0
99, 11, 1
90, 2, 0
121, 1, 2
158, 11, 1
98, 6, 1
89, 4, 0
36, 10, 1
41, 0, 2
179, 11, 1
17, 3, 1
449, 19, 2
92, 15, 1
39, 15, 0
75, 11, 1
120, 7, 2
33, 4, 2
13, 13, 0
1, 4, 1
41, 3, 2
160, 9, 2
217, 11, 2
127, 9, 2
8, 4, 1
34, 14, 2
73, 1, 2
22, 3, 1
39, 8, 0
113, 10, 2
184, 11, 1
10, 14, 1
370, 15, 2
140, 17, 1
132, 1, 2
43, 2, 2
132, 4, 1
120, 1, 1
323, 17, 1
164, 5, 1
48, 4, 0
196, 9, 0
49, 4, 0
56, 5, 1
10, 3, 2
106, 18, 2
129, 3, 1
159, 5, 0
195, 10, 2
95, 4, 0
218, 12, 0
109, 4, 0
18, 4, 0
121, 7, 2
275, 15, 2
27, 6, 1
95, 12, 2
114, 5, 2
451, 2, 0
61, 13, 1
436, 4, 0
322, 9, 2
35, 1, 0
29, 9, 1
130, 16, 1
192, 7, 0
53, 10, 0
17, 7, 1
185, 5, 1
88, 14, 0
174, 1, 0
146, 8, 1
85, 3, 0
104, 2, 0
22, 12, 2


252, 13, 0
218, 1, 1
360, 14, 2
157, 18, 0
125, 10, 0
222, 14, 0
66, 9, 0
88, 19, 1
13, 10, 0
75, 1, 2
144, 3, 1
77, 3, 0
25, 2, 0
106, 4, 1
129, 1, 2
95, 16, 1
446, 10, 2
29, 6, 2
96, 8, 1
386, 17, 0
154, 0, 1
166, 9, 1
71, 4, 2
149, 7, 2
127, 12, 1
293, 14, 2
119, 13, 0
183, 5, 0
218, 6, 0
321, 16, 0
37, 3, 0
158, 5, 1
221, 4, 0
109, 7, 1
147, 2, 0
32, 2, 1
46, 2, 0
265, 14, 2
452, 1, 0
46, 0, 0
118, 7, 0
81, 4, 1
149, 5, 1
157, 13, 0
106, 0, 2
137, 2, 0
209, 14, 0
46, 5, 2
26, 7, 0
7, 16, 2
161, 11, 2
343, 16, 1
97, 2, 0
108, 5, 2
193, 8, 1
145, 10, 0
169, 8, 2
32, 15, 2
103, 7, 1
137, 7, 1
90, 8, 2
226, 2, 2
96, 0, 1
22, 13, 0
307, 0, 1
142, 7, 0
429, 11, 0
138, 17, 0
39, 1, 0
54, 12, 2
392, 4, 1
82, 1, 1
11, 0, 2
6, 9, 1
361, 6, 2
1, 5, 2
22, 3, 2
57, 3, 0
87, 4, 2
2, 0, 2
365, 0, 2
206, 1, 1
227, 3, 0
140, 14, 0
160, 6, 0
173, 3, 0
140, 1, 1
165, 0, 0
99, 2, 2
16, 5, 1
54, 8, 1
51, 8, 0
148, 6, 0
86, 0, 0
62, 2, 1
170, 14, 0
102, 5, 2
181, 12, 1
69, 0, 0
170, 11, 1


154, 8, 2
191, 5, 1
29, 16, 1
177, 2, 2
59, 11, 0
140, 5, 2
203, 11, 2
55, 15, 2
141, 5, 2
79, 1, 0
129, 9, 2
200, 13, 1
75, 8, 0
32, 8, 2
4, 5, 0
198, 11, 1
0, 14, 2
235, 13, 0
371, 19, 1
39, 10, 0
215, 10, 0
13, 12, 2
208, 4, 0
136, 16, 1
57, 6, 0
33, 7, 2
98, 1, 0
218, 8, 1
89, 3, 1
185, 3, 0
448, 8, 0
139, 3, 1
60, 2, 0
61, 7, 2
29, 6, 1
151, 3, 0
121, 2, 1
94, 10, 1
270, 5, 1
81, 7, 0
396, 16, 1
33, 18, 2
81, 2, 0
139, 7, 0
51, 7, 2
137, 2, 0
125, 7, 2
103, 10, 2
149, 11, 0
125, 8, 0
156, 3, 1
23, 4, 1
11, 4, 0
122, 2, 2
10, 13, 2
177, 8, 1
18, 8, 1
203, 18, 2
21, 13, 1
196, 2, 2
66, 0, 2
51, 0, 1
219, 1, 0
169, 17, 2
6, 5, 0
31, 2, 0
210, 3, 1
107, 0, 2
58, 6, 1
103, 0, 2
4, 3, 2
97, 2, 1
5, 6, 0
21, 6, 2
45, 6, 0
69, 10, 1
224, 4, 1
227, 9, 2
418, 0, 0
152, 4, 1
187, 1, 2
8, 8, 2
115, 6, 1
60, 6, 2
186, 0, 1
50, 4, 2
0, 1, 1
126, 3, 0
107, 9, 1
77, 2, 0
163, 4, 1
76, 13, 0
140, 0, 2
36, 4, 2
85, 1, 0
31, 0, 1
106, 6, 2
66, 6, 2
186, 11, 1
134, 4, 0


62, 6, 0
142, 17, 1
399, 1, 1
307, 0, 0
62, 14, 0
5, 10, 1
354, 2, 2
386, 8, 1
49, 7, 0
118, 4, 2
137, 14, 2
106, 3, 2
209, 9, 2
55, 3, 0
135, 4, 2
224, 7, 0
40, 5, 2
364, 8, 1
39, 16, 2
336, 4, 1
129, 5, 2
82, 5, 1
134, 11, 2
86, 7, 1
191, 8, 2
292, 6, 1
14, 1, 1
149, 10, 1
213, 4, 0
112, 3, 1
158, 11, 1
15, 10, 0
54, 0, 2
170, 1, 1
186, 2, 1
12, 6, 1
146, 1, 1
36, 5, 0
61, 5, 1
28, 1, 1
380, 19, 0
6, 2, 1
20, 5, 2
121, 8, 1
133, 0, 2
99, 10, 2
90, 9, 0
79, 0, 1
27, 4, 0
376, 8, 1
172, 10, 0
238, 6, 0
447, 5, 1
449, 12, 1
204, 15, 1
86, 10, 1
73, 6, 2
26, 13, 2
97, 13, 1
93, 1, 2
94, 4, 1
312, 4, 1
58, 0, 0
208, 10, 0
174, 9, 1
29, 7, 2
59, 7, 1
130, 6, 1
449, 16, 0
9, 3, 2
294, 8, 0
56, 9, 0
19, 15, 0
239, 18, 1
361, 6, 2
116, 5, 1
136, 1, 1
188, 10, 2
418, 0, 0
77, 9, 1
123, 0, 2
225, 8, 1
100, 8, 2
190, 16, 0
47, 4, 0
177, 5, 2
208, 3, 2
282, 8, 2
168, 9, 1
176, 0, 2
384, 17, 1
156, 2, 0
361, 19, 0
205, 5, 0
0, 5, 2
101, 17, 2
77, 2, 0
381, 10, 2
299, 13, 2
396, 9, 1


128, 10, 1
113, 2, 1
72, 3, 2
49, 8, 0
78, 7, 1
425, 8, 1
76, 18, 0
88, 19, 1
28, 9, 0
129, 4, 0
108, 14, 0
72, 4, 1
144, 7, 0
121, 10, 1
114, 9, 2
199, 5, 1
57, 0, 1
74, 2, 2
39, 5, 1
188, 0, 2
49, 2, 1
134, 11, 1
82, 2, 1
105, 18, 0
101, 2, 2
171, 0, 2
137, 2, 0
116, 8, 0
129, 1, 0
321, 16, 0
132, 4, 0
158, 5, 1
21, 5, 2
86, 12, 0
140, 5, 1
212, 1, 2
69, 6, 2
265, 14, 2
47, 3, 2
24, 10, 1
190, 1, 1
12, 10, 2
24, 8, 1
107, 7, 2
85, 2, 0
17, 18, 0
172, 1, 2
286, 9, 1
83, 17, 2
208, 8, 1
179, 11, 2
149, 9, 1
37, 17, 0
165, 2, 2
215, 5, 1
114, 13, 2
336, 6, 0
162, 2, 0
64, 2, 1
45, 8, 0
131, 4, 1
106, 5, 0
125, 11, 1
50, 17, 2
152, 6, 1
54, 7, 1
86, 5, 0
381, 16, 2
48, 8, 0
127, 2, 1
367, 9, 2
43, 3, 2
85, 11, 2
227, 9, 0
61, 14, 1
20, 19, 1
230, 1, 1
52, 6, 2
20, 11, 2
101, 13, 1
178, 4, 2
95, 12, 2
75, 11, 2
451, 2, 0
4, 4, 2
87, 6, 2
322, 9, 2
18, 1, 2
190, 10, 1
130, 16, 1
207, 0, 2
91, 7, 1
90, 3, 0
16, 5, 2
87, 10, 1
111, 4, 2
163, 10, 2
151, 2, 2
159, 11, 0
68, 7, 2


11, 17, 2
177, 12, 0
158, 3, 1
56, 1, 2
72, 3, 2
70, 14, 1
172, 14, 2
87, 11, 1
82, 5, 1
381, 1, 2
426, 17, 0
144, 17, 0
19, 6, 0
209, 2, 0
114, 1, 2
118, 2, 1
140, 0, 1
61, 4, 2
45, 6, 1
79, 5, 1
387, 5, 0
110, 5, 0
107, 13, 0
100, 15, 0
180, 5, 0
148, 0, 2
194, 1, 0
11, 6, 0
302, 12, 0
6, 0, 0
78, 5, 2
119, 12, 0
45, 1, 2
103, 6, 1
34, 18, 2
63, 5, 1
31, 6, 0
79, 10, 1
387, 9, 0
119, 8, 0
6, 5, 0
443, 18, 1
111, 1, 2
432, 2, 0
377, 2, 2
271, 17, 1
8, 11, 2
57, 6, 0
43, 15, 2
138, 10, 2
169, 1, 0
343, 16, 1
253, 18, 0
66, 9, 0
147, 14, 0
1, 7, 2
30, 4, 2
222, 8, 2
108, 3, 0
137, 7, 1
188, 2, 1
172, 3, 0
49, 7, 2
107, 12, 1
307, 0, 1
32, 7, 2
429, 11, 0
138, 17, 0
88, 10, 2
143, 16, 0
14, 8, 1
28, 3, 1
26, 13, 1
226, 5, 1
13, 14, 1
226, 8, 1
198, 5, 0
161, 11, 1
169, 11, 0
88, 1, 2
127, 3, 1
268, 5, 1
84, 9, 0
161, 2, 0
182, 9, 0
1, 2, 1
144, 2, 2
205, 3, 0
193, 5, 2
42, 10, 1
190, 10, 0
200, 5, 1
27, 1, 0
99, 1, 0
452, 11, 1
142, 14, 2
61, 7, 1
38, 6, 1
223, 6, 2
23, 15, 0


56, 12, 1
212, 3, 0
14, 0, 0
144, 0, 1
103, 18, 2
95, 6, 0
156, 4, 1
148, 3, 1
208, 17, 0
120, 3, 0
191, 4, 0
407, 10, 0
61, 7, 1
19, 9, 2
96, 7, 1
56, 14, 2
71, 7, 2
109, 14, 2
131, 9, 1
105, 9, 2
114, 11, 1
112, 6, 0
81, 3, 0
139, 6, 0
13, 6, 0
157, 14, 2
16, 2, 0
67, 2, 0
118, 5, 0
104, 3, 1
143, 12, 0
43, 6, 0
20, 4, 1
98, 0, 0
41, 0, 2
87, 8, 2
149, 1, 1
48, 6, 0
173, 4, 0
52, 3, 1
173, 14, 1
122, 8, 2
33, 4, 2
208, 1, 1
18, 5, 0
36, 18, 1
16, 12, 1
194, 13, 1
94, 8, 1
5, 10, 2
452, 2, 0
120, 1, 2
68, 5, 1
155, 2, 2
45, 12, 1
62, 1, 1
18, 14, 0
115, 10, 2
215, 0, 2
215, 4, 2
92, 4, 2
5, 1, 1
223, 9, 1
55, 5, 1
94, 0, 1
178, 2, 1
50, 4, 2
129, 8, 2
107, 6, 1
145, 4, 0
69, 8, 0
184, 5, 0
35, 7, 2
93, 15, 1
150, 12, 2
224, 18, 1
152, 6, 1
207, 9, 0
225, 4, 1
123, 3, 2
107, 0, 0
268, 5, 1
204, 5, 1
25, 6, 0
329, 12, 2
87, 0, 2
349, 13, 2
41, 4, 1
119, 11, 1
107, 7, 2
146, 8, 1
27, 13, 2
59, 3, 0
143, 6, 0
169, 11, 0
122, 9, 0
179, 0, 0
22, 16, 2
128, 2, 1
32, 17, 0


223, 8, 0
21, 1, 1
14, 0, 0
144, 0, 1
103, 18, 2
95, 6, 0
156, 4, 1
148, 3, 1
208, 17, 0
147, 3, 2
191, 4, 0
407, 10, 0
61, 7, 1
19, 9, 2
92, 7, 1
56, 14, 2
285, 13, 2
109, 14, 2
131, 9, 1
105, 9, 2
236, 9, 0
112, 6, 0
338, 16, 1
139, 6, 0
13, 6, 0
157, 14, 2
101, 10, 1
64, 17, 1
118, 5, 0
104, 3, 1
143, 12, 0
98, 6, 1
20, 4, 1
98, 0, 0
41, 0, 2
87, 8, 2
149, 1, 1
48, 6, 0
173, 4, 0
52, 3, 1
173, 14, 1
122, 8, 2
33, 4, 2
208, 1, 1
18, 5, 0
36, 18, 1
16, 12, 1
194, 13, 1
94, 8, 1
5, 10, 2
452, 2, 0
120, 1, 2
174, 7, 0
155, 2, 2
45, 12, 1
386, 11, 2
60, 9, 1
115, 10, 2
150, 7, 0
215, 4, 2
32, 12, 1
5, 1, 1
89, 3, 1
55, 5, 1
103, 2, 1
178, 2, 1
71, 3, 2
129, 8, 2
107, 6, 1
145, 4, 0
69, 8, 0
201, 2, 1
35, 7, 2
93, 15, 1
150, 12, 2
226, 8, 1
152, 6, 1
207, 9, 0
225, 4, 1
123, 3, 2
107, 0, 0
268, 5, 1
35, 11, 2
25, 6, 0
182, 9, 0
1, 2, 1
92, 0, 0
117, 3, 2
193, 5, 2
42, 10, 1
76, 3, 1
200, 5, 1
27, 1, 0
99, 1, 0
452, 11, 1
142, 14, 2
48, 1, 2
31, 11, 0
14, 10, 1
56, 12, 0


175, 19, 2
66, 12, 0
260, 11, 1
431, 2, 1
335, 18, 2
425, 8, 1
76, 18, 0
88, 19, 1
183, 9, 1
190, 15, 2
108, 14, 0
72, 4, 1
228, 17, 2
121, 10, 1
114, 9, 2
165, 4, 2
386, 11, 2
316, 2, 1
116, 9, 2
86, 8, 1
262, 17, 0
334, 13, 1
208, 14, 1
280, 9, 0
258, 6, 1
9, 2, 1
63, 5, 1
19, 9, 1
0, 9, 2
397, 9, 1
25, 5, 1
161, 2, 0
101, 8, 2
17, 14, 0
313, 8, 2
443, 15, 2
232, 11, 1
428, 3, 1
137, 17, 2
365, 0, 2
81, 16, 1
107, 1, 0
285, 9, 2
165, 14, 2
252, 8, 1
36, 18, 1
115, 3, 2
194, 13, 1
346, 3, 0
5, 10, 2
452, 2, 0
32, 17, 1
282, 15, 0
76, 5, 0
105, 8, 1
418, 19, 0
232, 3, 0
136, 19, 1
240, 13, 2
13, 15, 2
449, 13, 1
114, 3, 2
202, 0, 0
439, 3, 0
333, 1, 1
354, 11, 0
7, 6, 0
197, 13, 1
138, 6, 2
437, 9, 1
28, 19, 1
352, 9, 1
248, 10, 2
382, 4, 1
49, 15, 0
329, 10, 1
243, 2, 2
226, 4, 0
418, 0, 0
414, 11, 0
357, 3, 2
292, 5, 1
26, 2, 1
32, 8, 2
58, 2, 2
177, 5, 2
349, 13, 2
282, 8, 2
248, 0, 2
171, 18, 1
22, 10, 1
11, 13, 2
343, 6, 0
404, 7, 0
322, 15, 0
210, 15, 2
62, 14, 2
301, 12, 1
259, 13, 2
52, 10, 0


60, 12, 1
134, 17, 1
23, 7, 0
307, 0, 0
80, 18, 2
76, 10, 0
354, 2, 2
386, 8, 1
49, 7, 0
205, 0, 0
127, 8, 0
90, 0, 2
8, 10, 1
148, 7, 0
125, 5, 2
65, 13, 2
398, 3, 1
133, 8, 0
407, 18, 1
336, 4, 1
326, 5, 2
85, 13, 1
15, 4, 1
86, 7, 1
404, 11, 1
292, 6, 1
126, 3, 2
192, 14, 0
94, 5, 1
120, 2, 0
135, 7, 0
98, 6, 1
75, 5, 2
74, 2, 1
108, 10, 1
63, 14, 2
8, 0, 0
36, 5, 0
83, 1, 0
128, 0, 0
114, 12, 1
48, 5, 1
109, 3, 0
186, 3, 0
209, 6, 0
99, 10, 2
90, 9, 0
440, 11, 2
72, 11, 0
376, 8, 1
27, 3, 0
238, 6, 0
25, 6, 2
449, 12, 1
148, 2, 0
142, 5, 2
82, 6, 0
26, 13, 2
101, 6, 1
93, 1, 2
12, 2, 1
140, 3, 2
0, 3, 2
229, 11, 1
104, 9, 1
21, 3, 1
210, 3, 1
374, 3, 1
449, 16, 0
85, 0, 2
143, 10, 2
177, 13, 0
50, 6, 2
62, 6, 0
435, 8, 1
210, 13, 1
131, 1, 2
25, 10, 0
20, 18, 1
109, 12, 1
132, 11, 2
141, 8, 2
171, 9, 2
196, 1, 2
191, 13, 0
329, 10, 0
184, 0, 2
144, 7, 1
1, 6, 2
44, 8, 2
35, 19, 0
156, 5, 2
66, 1, 0
95, 9, 1
88, 14, 0
80, 4, 2
157, 10, 2
3, 5, 0
142, 11, 0
214, 4, 1


412, 18, 1
177, 12, 0
158, 3, 1
3, 2, 1
16, 12, 1
25, 14, 1
123, 17, 2
87, 11, 1
278, 1, 1
381, 1, 2
426, 17, 0
144, 17, 0
314, 8, 0
139, 5, 0
192, 1, 2
224, 11, 1
281, 5, 2
121, 14, 2
384, 15, 0
146, 12, 1
387, 5, 0
257, 6, 1
27, 3, 2
105, 18, 0
102, 7, 1
119, 3, 1
15, 4, 1
49, 17, 0
37, 7, 1
156, 11, 1
177, 2, 0
180, 5, 1
344, 3, 1
61, 3, 1
185, 6, 0
112, 7, 1
81, 3, 0
83, 8, 1
68, 16, 2
431, 14, 0
66, 12, 2
197, 12, 1
270, 13, 2
384, 8, 2
414, 16, 1
164, 0, 2
114, 8, 2
191, 3, 2
116, 12, 1
164, 15, 0
281, 11, 0
291, 18, 0
330, 4, 1
445, 10, 2
19, 5, 2
386, 11, 2
207, 4, 0
340, 13, 0
138, 12, 1
439, 10, 2
20, 11, 2
10, 0, 1
87, 0, 1
169, 18, 2
189, 1, 2
341, 13, 2
87, 5, 2
39, 14, 1
230, 13, 0
163, 12, 0
70, 5, 2
201, 2, 1
176, 7, 0
255, 18, 0
435, 8, 1
59, 0, 2
142, 5, 1
100, 9, 1
58, 14, 1
170, 11, 2
365, 0, 2
268, 5, 1
332, 16, 2
8, 13, 1
213, 14, 0
329, 10, 0
366, 5, 0
152, 5, 1
260, 13, 2
42, 10, 1
114, 13, 1
263, 6, 0
85, 3, 0
245, 9, 1
452, 11, 1
361, 13, 0
109, 7, 1
24, 6, 1
185, 14, 1
48, 7, 0


252, 13, 0
120, 2, 1
360, 14, 2
48, 13, 2
51, 6, 0
222, 14, 0
66, 9, 0
88, 19, 1
56, 0, 2
75, 1, 2
144, 3, 1
111, 2, 1
25, 2, 0
106, 4, 1
64, 0, 2
121, 16, 1
446, 10, 2
29, 6, 2
96, 8, 1
386, 17, 0
154, 0, 1
166, 9, 1
71, 4, 2
247, 2, 2
127, 12, 1
293, 14, 2
119, 13, 0
225, 8, 2
218, 6, 0
321, 16, 0
139, 8, 2
158, 5, 1
221, 4, 0
109, 7, 1
147, 2, 0
32, 2, 1
46, 2, 0
265, 14, 2
452, 1, 0
145, 1, 0
190, 1, 1
81, 4, 1
149, 5, 1
157, 13, 0
106, 0, 2
62, 2, 0
209, 14, 0
46, 5, 2
26, 7, 0
62, 10, 2
161, 11, 2
343, 16, 1
253, 18, 0
108, 5, 2
147, 14, 0
145, 10, 0
38, 5, 2
32, 15, 2
136, 10, 1
137, 7, 1
131, 4, 1
226, 2, 2
139, 0, 1
22, 13, 0
307, 0, 1
142, 7, 0
429, 11, 0
54, 4, 2
201, 12, 1
143, 16, 0
113, 6, 2
28, 3, 1
36, 12, 1
133, 7, 2
52, 18, 1
299, 11, 0
215, 2, 0
26, 12, 0
434, 17, 2
142, 3, 0
91, 1, 1
258, 2, 1
205, 8, 2
119, 6, 0
63, 5, 1
16, 2, 1
68, 0, 0
161, 3, 0
129, 12, 2
131, 7, 0
87, 5, 0
76, 12, 2
93, 5, 1
368, 10, 0
452, 11, 1
170, 6, 0
187, 0, 0
103, 10, 2
109, 11, 0
156, 9, 0


36, 7, 2
129, 15, 0
226, 5, 2
135, 11, 2
70, 19, 1
14, 7, 0
28, 9, 0
82, 4, 2
81, 13, 1
91, 4, 1
79, 6, 0
67, 13, 0
8, 10, 1
111, 1, 0
437, 3, 0
100, 8, 1
67, 1, 1
235, 13, 0
117, 17, 0
112, 8, 2
165, 15, 2
62, 2, 0
28, 17, 2
247, 2, 2
160, 12, 0
115, 10, 2
327, 11, 1
58, 10, 0
100, 5, 0
321, 16, 0
67, 5, 0
158, 5, 1
426, 5, 1
184, 19, 2
60, 8, 1
151, 2, 0
272, 5, 0
64, 1, 0
452, 1, 0
108, 12, 1
85, 7, 0
6, 11, 0
150, 4, 0
222, 17, 2
22, 3, 0
12, 4, 1
209, 14, 0
61, 5, 0
56, 7, 1
208, 8, 1
160, 13, 0
66, 8, 2
57, 2, 0
165, 2, 2
173, 5, 0
131, 9, 0
122, 5, 0
10, 4, 0
1, 12, 1
111, 0, 0
131, 4, 1
130, 2, 0
148, 4, 0
85, 11, 0
220, 1, 2
2, 6, 0
101, 3, 2
196, 8, 1
356, 7, 0
75, 6, 2
392, 4, 1
32, 3, 1
320, 9, 0
197, 14, 1
153, 5, 1
166, 9, 1
37, 5, 0
145, 11, 1
109, 6, 1
185, 11, 2
114, 3, 1
258, 2, 1
145, 2, 0
125, 5, 0
329, 12, 2
77, 0, 2
167, 1, 2
27, 1, 1
100, 4, 1
219, 14, 0
157, 6, 1
181, 5, 2
10, 0, 2
172, 7, 1
209, 3, 0
211, 1, 0
12, 8, 2
186, 10, 2
145, 6, 2
93, 6, 1


55, 14, 1
353, 14, 2
86, 1, 1
95, 15, 0
214, 10, 1
191, 5, 1
109, 13, 2
88, 19, 1
56, 0, 2
39, 3, 1
224, 9, 1
281, 19, 1
59, 6, 0
106, 4, 1
117, 3, 2
121, 16, 1
446, 10, 2
29, 6, 2
69, 16, 2
386, 17, 0
90, 4, 1
166, 9, 1
143, 4, 1
247, 2, 2
160, 12, 0
293, 14, 2
110, 5, 2
173, 11, 2
134, 6, 1
321, 16, 0
119, 0, 0
158, 5, 1
426, 5, 1
184, 19, 2
185, 1, 0
129, 4, 0
272, 5, 0
166, 3, 0
452, 1, 0
108, 12, 1
85, 7, 0
6, 11, 0
178, 6, 1
113, 4, 0
22, 3, 0
82, 2, 2
209, 14, 0
61, 5, 0
56, 7, 1
208, 8, 1
139, 3, 1
66, 8, 2
57, 2, 0
165, 2, 2
173, 5, 0
131, 9, 0
122, 5, 0
10, 4, 0
1, 12, 1
65, 3, 1
131, 4, 1
130, 2, 0
148, 4, 0
85, 11, 0
220, 1, 2
2, 6, 0
105, 0, 1
79, 2, 2
356, 7, 0
75, 6, 2
392, 4, 1
155, 5, 1
320, 9, 0
197, 14, 1
203, 3, 0
183, 9, 0
71, 0, 2
150, 16, 1
130, 9, 1
62, 2, 1
114, 3, 1
258, 2, 1
69, 8, 2
125, 5, 0
329, 12, 2
77, 0, 2
167, 1, 2
27, 1, 1
100, 4, 1
219, 14, 0
157, 6, 1
181, 5, 2
49, 0, 2
157, 5, 1
209, 3, 0
170, 2, 0
12, 8, 2
109, 2, 2
217, 11, 0
93, 6, 1


252, 13, 0
353, 14, 2
27, 2, 1
148, 3, 0
28, 15, 1
222, 14, 0
109, 13, 2
88, 19, 1
56, 0, 2
115, 2, 1
221, 8, 1
281, 19, 1
71, 4, 0
106, 4, 1
64, 0, 2
121, 16, 1
95, 0, 1
29, 6, 2
89, 19, 1
386, 17, 0
164, 11, 0
166, 9, 1
143, 4, 1
47, 9, 0
40, 15, 1
41, 1, 2
110, 5, 2
173, 11, 2
218, 6, 0
141, 11, 2
134, 8, 2
99, 5, 2
426, 5, 1
109, 7, 1
124, 2, 2
32, 2, 1
190, 4, 1
212, 14, 2
452, 1, 0
11, 2, 1
190, 1, 1
21, 7, 1
77, 1, 2
157, 13, 0
3, 2, 0
136, 10, 1
130, 13, 1
139, 4, 0
43, 15, 2
110, 11, 2
169, 1, 0
343, 16, 1
253, 18, 0
66, 9, 0
147, 14, 0
121, 5, 1
90, 3, 1
55, 14, 0
108, 3, 0
137, 7, 1
188, 2, 1
172, 3, 0
49, 7, 2
68, 16, 1
224, 10, 1
67, 1, 0
91, 15, 1
138, 17, 0
88, 10, 2
143, 16, 0
106, 3, 1
13, 0, 0
28, 16, 0
226, 5, 1
178, 10, 1
299, 11, 0
17, 4, 0
21, 9, 1
434, 17, 2
93, 2, 0
185, 3, 1
132, 0, 0
146, 5, 2
119, 6, 0
217, 4, 1
178, 2, 0
42, 5, 1
138, 3, 1
142, 14, 2
5, 1, 1
109, 0, 1
76, 12, 2
116, 2, 1
61, 5, 2
39, 9, 1
97, 10, 1
216, 1, 2
169, 9, 1
185, 14, 1
204, 8, 1


222, 11, 2
129, 10, 2
68, 5, 0
145, 9, 0
45, 3, 2
145, 4, 0
175, 6, 1
389, 5, 2
147, 5, 1
27, 2, 0
216, 0, 1
126, 6, 0
121, 3, 2
100, 7, 2
54, 19, 1
217, 5, 1
132, 9, 2
114, 2, 1
31, 9, 0
132, 1, 2
89, 9, 2
325, 5, 0
101, 4, 0
136, 16, 1
195, 5, 2
32, 5, 2
346, 5, 2
69, 11, 0
60, 2, 1
55, 7, 2
448, 8, 0
97, 8, 2
125, 0, 0
226, 4, 2
134, 2, 1
84, 9, 2
109, 9, 0
120, 9, 0
270, 5, 1
89, 3, 1
40, 12, 2
33, 18, 2
106, 0, 1
7, 2, 0
223, 2, 1
177, 1, 2
176, 18, 1
55, 11, 1
190, 14, 1
221, 16, 2
8, 7, 2
220, 2, 0
42, 4, 0
8, 17, 0
165, 6, 1
49, 11, 0
192, 10, 2
203, 18, 2
61, 7, 2
163, 1, 0
87, 3, 1
109, 2, 1
56, 9, 0
223, 16, 2
212, 10, 1
202, 9, 1
53, 4, 2
374, 3, 1
38, 7, 1
221, 4, 0
67, 7, 1
184, 5, 0
43, 4, 1
93, 15, 1
105, 12, 2
224, 18, 1
140, 7, 0
22, 6, 2
35, 5, 1
83, 5, 0
10, 0, 2
186, 9, 2
204, 5, 1
25, 6, 0
93, 0, 1
75, 0, 1
349, 13, 2
41, 4, 1
119, 11, 1
107, 7, 2
172, 1, 2
27, 13, 2
59, 3, 0
143, 6, 0
41, 2, 1
227, 10, 0
179, 0, 0
22, 16, 2
82, 9, 2
104, 8, 1


122, 3, 0
142, 16, 0
54, 10, 1
89, 18, 0
183, 13, 0
23, 11, 1
6, 0, 2
105, 4, 0
16, 12, 2
44, 11, 0
84, 7, 2
0, 8, 0
65, 6, 0
351, 19, 2
262, 15, 2
133, 10, 0
124, 9, 2
141, 8, 1
110, 4, 0
66, 12, 2
134, 3, 2
121, 12, 0
62, 12, 2
247, 2, 2
36, 3, 2
293, 14, 2
65, 1, 0
225, 8, 2
2, 2, 1
148, 7, 2
105, 11, 0
158, 5, 1
221, 4, 0
109, 7, 1
147, 2, 0
32, 2, 1
206, 8, 0
265, 14, 2
452, 1, 0
145, 1, 0
185, 10, 1
201, 3, 0
92, 7, 1
157, 13, 0
6, 4, 0
188, 3, 2
44, 18, 0
197, 9, 1
26, 7, 0
49, 3, 0
135, 14, 2
343, 16, 1
194, 9, 2
86, 4, 0
180, 11, 2
216, 15, 2
221, 10, 0
143, 5, 1
16, 3, 0
126, 8, 1
43, 3, 0
226, 2, 2
139, 0, 1
30, 2, 0
60, 3, 0
30, 7, 1
88, 8, 0
54, 4, 2
13, 3, 2
6, 1, 1
197, 7, 1
78, 3, 1
136, 5, 1
71, 6, 2
52, 18, 1
299, 11, 0
112, 6, 0
26, 12, 0
434, 17, 2
59, 3, 0
155, 2, 1
36, 5, 2
17, 10, 1
119, 6, 0
160, 4, 0
44, 3, 0
210, 2, 2
161, 3, 0
92, 17, 2
131, 7, 0
87, 5, 0
76, 12, 2
216, 8, 2
368, 10, 0
452, 11, 1
21, 5, 2
187, 0, 0
103, 10, 2
109, 11, 0
226, 10, 0


36, 7, 2
129, 15, 0
226, 5, 2
135, 11, 2
1, 10, 1
125, 13, 1
12, 13, 2
41, 7, 1
81, 13, 1
91, 4, 1
146, 3, 0
37, 4, 1
173, 1, 2
131, 3, 2
142, 10, 0
144, 9, 1
110, 10, 0
43, 3, 2
179, 9, 0
1, 6, 1
29, 2, 0
78, 4, 2
62, 12, 2
51, 18, 0
88, 7, 0
62, 2, 0
122, 7, 2
205, 14, 1
12, 5, 0
121, 1, 2
124, 1, 0
105, 5, 2
85, 0, 0
36, 10, 1
41, 0, 2
194, 6, 0
18, 1, 0
170, 9, 2
173, 4, 0
29, 8, 1
173, 14, 1
22, 5, 0
120, 5, 0
180, 7, 2
102, 7, 0
71, 4, 1
201, 6, 1
131, 13, 0
193, 5, 0
154, 4, 2
167, 6, 0
103, 8, 0
140, 7, 2
144, 16, 0
174, 7, 1
74, 0, 2
182, 9, 2
145, 16, 2
63, 5, 0
148, 4, 1
10, 2, 0
53, 1, 0
65, 8, 2
224, 7, 2
151, 2, 2
108, 9, 0
51, 7, 0
89, 6, 1
165, 4, 2
76, 1, 1
40, 11, 2
92, 7, 0
4, 16, 1
8, 7, 2
44, 4, 1
113, 9, 0
243, 2, 2
226, 10, 0
139, 5, 2
212, 3, 2
75, 6, 1
41, 1, 1
219, 4, 2
193, 3, 0
196, 4, 0
2, 4, 1
185, 3, 2
68, 1, 1
114, 13, 0
100, 1, 0
202, 4, 0
53, 8, 0
153, 3, 1
50, 4, 2
9, 3, 0
197, 12, 2
130, 1, 1
82, 0, 0
101, 12, 2
57, 11, 1


108, 12, 0
421, 2, 2
221, 12, 1
13, 1, 1
314, 10, 0
85, 6, 1
96, 15, 2
442, 16, 2
0, 10, 0
176, 13, 0
39, 17, 0
249, 3, 2
428, 12, 1
132, 13, 2
75, 10, 1
253, 6, 2
253, 13, 2
46, 1, 0
149, 16, 1
80, 1, 1
277, 12, 0
339, 12, 2
37, 15, 0
219, 10, 1
100, 5, 2
409, 18, 0
354, 3, 1
143, 6, 0
214, 9, 2
386, 6, 1
306, 3, 1
127, 13, 0
149, 4, 1
83, 11, 2
375, 10, 2
78, 2, 2
274, 6, 2
11, 8, 1
253, 4, 2
23, 6, 1
426, 10, 2
229, 2, 0
291, 15, 1
134, 7, 1
180, 11, 1
347, 12, 1
200, 15, 2
361, 6, 0
11, 4, 0
196, 10, 1
69, 10, 0
29, 0, 1
6, 1, 2
33, 1, 1
389, 3, 0
25, 5, 1
186, 7, 0
153, 5, 2
227, 2, 2
426, 9, 1
80, 10, 1
450, 1, 0
158, 10, 1
265, 11, 1
284, 8, 1
93, 2, 0
21, 5, 0
2, 4, 1
136, 11, 0
134, 2, 1
151, 10, 1
435, 18, 2
180, 5, 0
143, 8, 1
154, 13, 2
77, 13, 0
14, 10, 2
29, 13, 2
179, 13, 1
99, 2, 0
51, 3, 1
390, 14, 2
115, 5, 2
274, 8, 2
298, 7, 2
341, 15, 1
415, 15, 0
203, 9, 2
125, 4, 0
370, 11, 0
184, 6, 0
425, 15, 1
4, 3, 0
437, 6, 1
411, 8, 0
414, 10, 2
245, 5, 2
133, 3, 0
108, 7, 2
49, 11, 0


