6

99, 4, 0
24, 6, 2
41, 12, 0
67, 3, 1
21, 4, 0
10, 17, 1
48, 2, 2
105, 8, 0
48, 4, 0
133, 2, 1
22, 7, 1
101, 9, 1
53, 6, 0
85, 0, 2
86, 6, 1
7, 1, 0
26, 8, 2
51, 1, 0
208, 6, 2
40, 10, 1
36, 5, 1
2, 6, 1
38, 0, 2
35, 0, 2
12, 3, 0
30, 4, 2
5, 7, 0
11, 0, 2
58, 5, 1
108, 4, 0
27, 3, 1
25, 1, 0
75, 3, 0
63, 5, 0
25, 10, 0
40, 1, 1
38, 15, 1
7, 4, 1
84, 3, 1
206, 8, 0
91, 7, 2
28, 6, 2
65, 1, 1
65, 7, 0
24, 2, 2
82, 5, 1
48, 3, 2
60, 4, 1
88, 5, 1
12, 10, 0


28, 9, 1
62, 9, 1
20, 2, 2
21, 9, 0
7, 4, 2
66, 2, 2
50, 11, 1
202, 8, 0
42, 12, 2
59, 3, 1
9, 2, 0
55, 6, 0
53, 8, 0
39, 7, 1
12, 4, 0
66, 0, 2
18, 0, 2
34, 11, 2
51, 4, 0
11, 2, 0
64, 13, 2
29, 17, 1
21, 3, 2
1, 11, 1
4, 4, 1
79, 0, 1
170, 11, 2
55, 5, 0
33, 8, 0
62, 5, 0
43, 0, 2
205, 17, 0
88, 4, 0
58, 3, 1
22, 6, 1
189, 4, 1
13, 10, 2
0, 13, 2
73, 7, 2
65, 5, 1
37, 0, 2
60, 13, 0
20, 15, 1
10, 3, 0
23, 4, 1
17, 0, 1
188, 4, 1
66, 5, 1
119, 12, 2
79, 2, 1


42, 10, 0
39, 9, 2
38, 1, 2
26, 3, 1
45, 14, 0
11, 9, 2
4, 2, 2
29, 5, 0
15, 16, 2
67, 7, 1
85, 12, 0
99, 11, 0
38, 5, 0
15, 5, 1
68, 5, 0
62, 1, 2
62, 3, 0
40, 3, 0
17, 13, 1
16, 1, 0
51, 2, 2
125, 14, 2
1, 8, 1
66, 3, 0
64, 1, 1
10, 4, 0
18, 0, 2
21, 2, 2
99, 6, 0
44, 10, 1
80, 0, 1
40, 16, 2
55, 3, 0
33, 7, 2
67, 10, 0
46, 3, 0
7, 7, 0
46, 10, 2
47, 2, 0
59, 5, 0
48, 12, 2
54, 10, 0
49, 4, 1
21, 8, 1
78, 5, 1
33, 2, 1
24, 15, 2
71, 12, 1
64, 16, 0
79, 2, 1


67, 1, 2
10, 4, 0
19, 9, 1
24, 10, 0
85, 9, 2
53, 11, 1
7, 6, 2
65, 1, 0
37, 7, 1
53, 14, 1
15, 7, 2
20, 18, 0
115, 12, 0
55, 4, 1
8, 11, 0
99, 0, 1
75, 7, 0
49, 2, 2
21, 10, 0
33, 17, 1
45, 13, 1
8, 12, 2
25, 0, 2
62, 0, 0
37, 10, 2
22, 2, 1
56, 8, 0
65, 4, 0
27, 4, 0
47, 4, 1
206, 13, 1
0, 8, 1
176, 0, 1
16, 6, 1
3, 14, 1
60, 0, 2
61, 4, 0
86, 5, 1
14, 1, 2
46, 7, 0
53, 5, 0
85, 1, 1
38, 3, 0
9, 6, 2
47, 0, 0
45, 5, 2
52, 4, 2
79, 1, 2
10, 15, 0
12, 6, 1


32, 7, 0
43, 2, 1
21, 6, 0
69, 11, 0
13, 4, 0
56, 11, 2
86, 5, 2
36, 0, 0
48, 15, 0
22, 8, 2
13, 14, 0
26, 6, 0
49, 3, 0
5, 13, 2
62, 4, 1
98, 3, 0
23, 0, 2
50, 0, 0
10, 13, 0
60, 4, 1
36, 3, 0
61, 0, 2
45, 5, 1
54, 5, 0
47, 1, 2
92, 1, 1
9, 2, 1
59, 7, 0
3, 10, 0
58, 10, 0
11, 4, 0
20, 17, 0
22, 14, 0
6, 2, 0
38, 2, 0
16, 1, 2
26, 13, 2
21, 5, 1
89, 3, 2
51, 6, 0
54, 1, 0
43, 8, 0
83, 1, 2
96, 6, 2
44, 15, 1
80, 10, 2
59, 10, 1
62, 9, 2
1, 7, 2
33, 11, 1


58, 9, 0
32, 3, 0
59, 6, 2
26, 5, 2
24, 0, 0
26, 6, 2
63, 8, 1
105, 6, 1
98, 1, 1
0, 11, 0
36, 5, 2
41, 1, 0
46, 5, 1
69, 0, 0
55, 4, 0
58, 12, 0
77, 8, 2
32, 7, 2
186, 11, 0
27, 4, 0
70, 4, 0
14, 12, 1
35, 2, 2
77, 0, 2
28, 5, 0
52, 4, 2
83, 0, 2
51, 1, 1
45, 2, 1
66, 9, 2
22, 3, 0
33, 10, 1
73, 8, 2
41, 9, 2
64, 5, 2
0, 3, 1
18, 11, 2
11, 2, 1
48, 2, 2
92, 4, 1
55, 14, 2
56, 7, 2
46, 7, 1
44, 7, 1
38, 13, 2
61, 7, 0
82, 8, 1
9, 4, 0
30, 11, 1
95, 10, 2


